# Unfolded band structure from postprocessed wavefunction file
# k-index, k on path (A^-1), energy (eV), weight 
#
   0   0.00000000 -11.12693684   0.49620491
   0   0.00000000 -10.68813149   0.00014347
   0   0.00000000 -10.18068743   0.50324655
   0   0.00000000  -7.89859384   0.51144183
   0   0.00000000  -7.70228805   0.00009916
   0   0.00000000  -7.57200959   0.48856410
   0   0.00000000  -1.62549404   0.98971629
   0   0.00000000  -1.54320879   0.00000082
   0   0.00000000  -1.54116565   0.00056249
   0   0.00000000  -1.54098756   0.00043383
   0   0.00000000  -1.45453100   1.00858128
   0   0.00000000   0.57868176   0.49639225
   0   0.00000000   0.95517936   0.00612190
   0   0.00000000   1.33289360   0.49604982
   0   0.00000000   3.15958482   0.95216584
   0   0.00000000   3.37550334   0.01124744
   0   0.00000000   3.39112430   0.00000389
   0   0.00000000   3.40192308   0.01003894
   0   0.00000000   3.61991222   1.02649653
   0   0.00000000   7.26033939   0.44744450
   0   0.00000000   7.32604295   0.33547458
   1   0.05010495 -11.13963947   0.51501501
   1   0.05010495 -10.68460474   0.00014275
   1   0.05010495 -10.20077592   0.48197573
   1   0.05010495  -7.86603066   0.44800541
   1   0.05010495  -7.69293427   0.00010144
   1   0.05010495  -7.54238415   0.55614966
   1   0.05010495  -1.65341183   0.54246175
   1   0.05010495  -1.61895036   0.00150559
   1   0.05010495  -1.59055776   0.25775009
   1   0.05010495  -1.56158694   0.00000084
   1   0.05010495  -1.46657835   1.18537498
   1   0.05010495   0.62704543   0.54202211
   1   0.05010495   1.03181372   0.00679462
   1   0.05010495   1.36763681   0.44625360
   1   0.05010495   3.15428864   0.89611518
   1   0.05010495   3.38264126   0.01043881
   1   0.05010495   3.40996408   0.01236367
   1   0.05010495   3.42563862   0.00000385
   1   0.05010495   3.61003503   1.08069944
   1   0.05010495   7.29478607   0.52872413
   1   0.05010495   7.35274599   0.19243599
   2   0.10020991 -11.17955595   0.56919611
   2   0.10020991 -10.67397693   0.00014096
   2   0.10020991 -10.25148836   0.42101094
   2   0.10020991  -7.78847151   0.28265280
   2   0.10020991  -7.66527898   0.00010818
   2   0.10020991  -7.44168658   0.73022956
   2   0.10020991  -1.82946814   0.04114439
   2   0.10020991  -1.82459131   0.00305627
   2   0.10020991  -1.64341917   0.38630518
   2   0.10020991  -1.61508972   0.00000150
   2   0.10020991  -1.47872658   1.55483794
   2   0.10020991   0.73615829   0.66074240
   2   0.10020991   1.23044188   0.00912296
   2   0.10020991   1.47438237   0.31746459
   2   0.10020991   3.14049491   0.74496865
   2   0.10020991   3.33476098   0.01177864
   2   0.10020991   3.51042308   0.03781640
   2   0.10020991   3.52720190   0.00000648
   2   0.10020991   3.58841563   1.20288062
   2   0.10020991   7.30296501   0.95944929
   2   0.10020991   7.45454297   0.03155126
   3   0.15031486 -11.25036543   0.64878380
   3   0.15031486 -10.65599275   0.00013814
   3   0.15031486 -10.31058448   0.33278719
   3   0.15031486  -7.70222361   0.13253890
   3   0.15031486  -7.62043045   0.00011912
   3   0.15031486  -7.25271728   0.88195622
   3   0.15031486  -2.10532522   0.00392120
   3   0.15031486  -2.10436794   0.00711079
   3   0.15031486  -1.71344893   0.15001996
   3   0.15031486  -1.69919555   0.00000079
   3   0.15031486  -1.47163404   1.82681835
   3   0.15031486   0.84843842   0.78878278
   3   0.15031486   1.48218600   0.01432818
   3   0.15031486   1.64068298   0.18098353
   3   0.15031486   3.13435949   0.56249201
   3   0.15031486   3.29186195   0.01424490
   3   0.15031486   3.56588019   1.39685655
   3   0.15031486   3.67781764   0.02232068
   3   0.15031486   3.69137869   0.00000497
   3   0.15031486   7.35065434   0.95676315
   3   0.15031486   7.58201677   0.00693802
   4   0.20041982 -11.35369299   0.73495895
   4   0.20041982 -10.63027268   0.00013383
   4   0.20041982 -10.35767430   0.24009898
   4   0.20041982  -7.61903902   0.06077775
   4   0.20041982  -7.56040641   0.00013396
   4   0.20041982  -6.98460243   0.94975245
   4   0.20041982  -2.42089256   0.00414499
   4   0.20041982  -2.41842430   0.00204347
   4   0.20041982  -1.81399918   0.05499891
   4   0.20041982  -1.80735348   0.00000119
   4   0.20041982  -1.44467876   1.93143654
   4   0.20041982   0.94137832   0.87405252
   4   0.20041982   1.70638374   0.02387432
   4   0.20041982   1.80717115   0.09239809
   4   0.20041982   3.17918338   0.43185139
   4   0.20041982   3.30851156   0.01746424
   4   0.20041982   3.56211518   1.52553368
   4   0.20041982   3.89734536   0.00957196
   4   0.20041982   3.91202353   0.00000487
   4   0.20041982   7.38950170   0.94665927
   4   0.20041982   7.61612473   0.02684606
   5   0.25052477 -11.48537757   0.80913264
   5   0.25052477 -10.59632779   0.00012898
   5   0.25052477 -10.38213080   0.16371767
   5   0.25052477  -7.53490032   0.03233059
   5   0.25052477  -7.48819317   0.00015200
   5   0.25052477  -6.65892590   0.97453994
   5   0.25052477  -2.74606769   0.00409921
   5   0.25052477  -2.74396764   0.00080945
   5   0.25052477  -1.93584934   0.02309021
   5   0.25052477  -1.93283440   0.00000128
   5   0.25052477  -1.40259212   1.96775627
   5   0.25052477   1.02192675   0.91958243
   5   0.25052477   1.82548430   0.03424505
   5   0.25052477   1.89292007   0.04769057
   5   0.25052477   3.33390587   0.50813890
   5   0.25052477   3.45188661   0.01860470
   5   0.25052477   3.57909935   1.42587757
   5   0.25052477   4.16673015   0.00898742
   5   0.25052477   4.18288950   0.00000524
   5   0.25052477   7.29496709   0.22412738
   5   0.25052477   7.35380558   0.03585091
   6   0.30062973 -11.63662177   0.86379796
   6   0.30062973 -10.55376271   0.00012373
   6   0.30062973 -10.38242395   0.11018649
   6   0.30062973  -7.44875284   0.02037257
   6   0.30062973  -7.40826184   0.00017294
   6   0.30062973  -6.29151296   0.98388797
   6   0.30062973  -3.06478195   0.00411000
   6   0.30062973  -3.06422867   0.00042328
   6   0.30062973  -2.07082800   0.01123075
   6   0.30062973  -2.06967441   0.00000116
   6   0.30062973  -1.34817119   1.98184562
   6   0.30062973   1.09904649   0.94219106
   6   0.30062973   1.81687579   0.03735763
   6   0.30062973   1.86705826   0.02924360
   6   0.30062973   3.52062953   1.70287752
   6   0.30062973   3.70946269   0.21621856
   6   0.30062973   3.73903505   0.01612091
   6   0.30062973   4.47391790   0.00947381
   6   0.30062973   4.49378945   0.00000447
   6   0.30062973   6.80903553   0.02704661
   6   0.30062973   6.84644192   0.00854890
   7   0.35073468 -11.79782425   0.90103316
   7   0.35073468 -10.50199079   0.00011852
   7   0.35073468 -10.36096231   0.07549775
   7   0.35073468  -7.36377677   0.01479175
   7   0.35073468  -7.32649385   0.00019536
   7   0.35073468  -5.89183013   0.98721713
   7   0.35073468  -3.36561779   0.00028194
   7   0.35073468  -3.36376672   0.00453435
   7   0.35073468  -2.21186662   0.00621964
   7   0.35073468  -2.21162465   0.00000078
   7   0.35073468  -1.28268299   1.98803103
   7   0.35073468   1.17823396   0.95107728
   7   0.35073468   1.72264018   0.03386914
   7   0.35073468   1.76402281   0.02541849
   7   0.35073468   3.55773227   1.94590735
   7   0.35073468   4.08826000   0.00635902
   7   0.35073468   4.12959172   0.01242821
   7   0.35073468   4.81138157   0.01035133
   7   0.35073468   4.84253149   0.00000352
   7   0.35073468   6.24225426   0.00847674
   7   0.35073468   6.27268051   0.00619069
   8   0.40083964 -11.96121938   0.92584693
   8   0.40083964 -10.44054318   0.00011371
   8   0.40083964 -10.32079960   0.05341525
   8   0.40083964  -7.28699052   0.01198415
   8   0.40083964  -7.25099406   0.00021840
   8   0.40083964  -5.46712679   0.98702812
   8   0.40083964  -3.63672666   0.00022455
   8   0.40083964  -3.63143117   0.00617157
   8   0.40083964  -2.35438717   0.00000102
   8   0.40083964  -2.35422951   0.00386388
   8   0.40083964  -1.20707155   1.99099433
   8   0.40083964   1.26088075   0.94330543
   8   0.40083964   1.58645008   0.02864045
   8   0.40083964   1.62449673   0.03803796
   8   0.40083964   3.55982983   1.95855975
   8   0.40083964   4.54946521   0.00244497
   8   0.40083964   4.57154363   0.00937380
   8   0.40083964   5.13274778   0.01092242
   8   0.40083964   5.22363716   0.00000519
   8   0.40083964   5.64764155   0.00519535
   8   0.40083964   5.72971903   0.00562566
   9   0.45094459 -12.12109650   0.94249028
   9   0.45094459 -10.36894630   0.00010961
   9   0.45094459 -10.26409621   0.03918458
   9   0.45094459  -7.22793686   0.01046055
   9   0.45094459  -7.19203977   0.00023834
   9   0.45094459  -5.02251162   0.98161453
   9   0.45094459  -3.86526862   0.00019907
   9   0.45094459  -3.85449766   0.01209902
   9   0.45094459  -2.49443728   0.00000119
   9   0.45094459  -2.49398875   0.00263666
   9   0.45094459  -1.12200768   1.99248409
   9   0.45094459   1.33845008   0.81531924
   9   0.45094459   1.43411552   0.02391643
   9   0.45094459   1.48196919   0.18802188
   9   0.45094459   3.53922071   1.96282458
   9   0.45094459   4.85231597   0.00582144
   9   0.45094459   4.92050693   0.00776065
   9   0.45094459   5.09507343   0.00391860
   9   0.45094459   5.26512160   0.00552965
   9   0.45094459   5.63217592   0.00018891
   9   0.45094459   5.70649738   0.00817089
  10   0.50104955 -12.27349886   0.95388597
  10   0.50104955 -10.28690752   0.00010653
  10   0.50104955 -10.19242078   0.02976757
  10   0.50104955  -7.19834803   0.00956223
  10   0.50104955  -7.16174765   0.00025428
  10   0.50104955  -4.56735653   0.94819790
  10   0.50104955  -4.03854431   0.00019100
  10   0.50104955  -4.01448060   0.04740127
  10   0.50104955  -2.62871496   0.00000135
  10   0.50104955  -2.62810825   0.00194066
  10   0.50104955  -1.02830091   1.99322498
  10   0.50104955   1.27942265   0.02017818
  10   0.50104955   1.28722078   0.08228391
  10   0.50104955   1.47369815   0.93690360
  10   0.50104955   3.49137458   1.96110272
  10   0.50104955   4.38364530   0.00380345
  10   0.50104955   4.40437881   0.01444554
  10   0.50104955   5.59295660   0.00159770
  10   0.50104955   5.59306158   0.00152818
  10   0.50104955   5.66934951   0.00826399
  10   0.50104955   6.06275532   0.00068731
  10   0.50104955   6.09541941   0.01134797
  11   0.55115450 -12.41579115   0.96186644
  11   0.55115450 -10.19424959   0.00010453
  11   0.55115450 -10.10667251   0.02335020
  11   0.55115450  -7.20913434   0.00894809
  11   0.55115450  -7.17131798   0.00026315
  11   0.55115450  -4.21608917   0.32008448
  11   0.55115450  -4.14567987   0.00019301
  11   0.55115450  -3.98911073   0.70641518
  11   0.55115450  -2.75502634   0.00000070
  11   0.55115450  -2.75431211   0.00151282
  11   0.55115450  -0.92698702   1.99351764
  11   0.55115450   1.12941792   0.01738166
  11   0.55115450   1.14393229   0.01750868
  11   0.55115450   1.56857569   0.98399693
  11   0.55115450   3.40981727   1.92608523
  11   0.55115450   3.82476180   0.00385852
  11   0.55115450   3.84966748   0.05181627
  11   0.55115450   6.02233514   0.91936684
  11   0.55115450   6.13492474   0.00197178
  11   0.55115450   6.13526706   0.00192682
  11   0.55115450   6.21847262   0.09305549
  11   0.55115450   6.51665603   0.00528348
  12   0.60125946 -12.54610841   0.96757567
  12   0.60125946 -10.09098161   0.00010380
  12   0.60125946 -10.00752088   0.01885294
  12   0.60125946  -7.26687221   0.00844387
  12   0.60125946  -7.22742202   0.00026346
  12   0.60125946  -4.19429082   0.02295166
  12   0.60125946  -4.18105773   0.00020496
  12   0.60125946  -3.54997326   0.97869068
  12   0.60125946  -2.87164324   0.00000080
  12   0.60125946  -2.87086394   0.00123470
  12   0.60125946  -0.81918939   1.99349642
  12   0.60125946   0.98899624   0.01527607
  12   0.60125946   1.00406268   0.01000174
  12   0.60125946   1.67422457   0.98839456
  12   0.60125946   3.23399890   0.81534302
  12   0.60125946   3.27822265   0.00481538
  12   0.60125946   3.37523342   1.15182626
  12   0.60125946   5.56498629   0.99356699
  12   0.60125946   6.68772401   0.00303186
  12   0.60125946   6.69026170   0.00238049
  12   0.60125946   6.76758418   0.00838170
  12   0.60125946   6.98355828   0.05277665
  13   0.65136441 -12.66312429   0.97172707
  13   0.65136441  -9.97731982   0.00010477
  13   0.65136441  -9.89557995   0.01561982
  13   0.65136441  -7.37072494   0.00798368
  13   0.65136441  -7.32911090   0.00025697
  13   0.65136441  -4.15275388   0.00575481
  13   0.65136441  -4.14746962   0.00022227
  13   0.65136441  -3.05245296   0.99214691
  13   0.65136441  -2.97698637   0.00000080
  13   0.65136441  -2.97615251   0.00103927
  13   0.65136441  -0.70733422   1.99318135
  13   0.65136441   0.86055308   0.01377394
  13   0.65136441   0.87565995   0.00854884
  13   0.65136441   1.78327906   0.98710716
  13   0.65136441   2.75663552   0.00825503
  13   0.65136441   2.75964366   0.05304781
  13   0.65136441   3.19942839   1.92829847
  13   0.65136441   5.08745752   0.99470520
  13   0.65136441   7.25069989   0.00469393
  13   0.65136441   7.26866372   0.11390901
  13   0.65136441   7.33109023   0.02111783
  13   0.65136441   7.39654938   0.40622461
  14   0.70146937 -12.76586816   0.97478241
  14   0.70146937  -9.85385637   0.00010695
  14   0.70146937  -9.77139459   0.01324852
  14   0.70146937  -7.51325665   0.00757410
  14   0.70146937  -7.46841760   0.00024420
  14   0.70146937  -4.05844422   0.00213791
  14   0.70146937  -4.05585294   0.00023770
  14   0.70146937  -3.07009197   0.00000139
  14   0.70146937  -3.06914113   0.00089458
  14   0.70146937  -2.54384037   0.99443376
  14   0.70146937  -0.59322815   1.99253082
  14   0.70146937   0.74593092   0.01271945
  14   0.70146937   0.76121997   0.00880924
  14   0.70146937   1.88839956   0.96460038
  14   0.70146937   2.27071703   0.03602568
  14   0.70146937   2.27476937   0.01862229
  14   0.70146937   3.04958540   1.96589637
  14   0.70146937   4.60438752   0.99460661
  14   0.70146937   7.57122673   0.89883226
  14   0.70146937   7.61834538   0.73436743
  14   0.70146937   7.80640216   0.01538992
  14   0.70146937   7.88073230   0.04759260
  15   0.75157432 -12.85371743   0.97703862
  15   0.75157432  -9.72189444   0.00011093
  15   0.75157432  -9.63580237   0.01148275
  15   0.75157432  -7.68361575   0.00724295
  15   0.75157432  -7.63367954   0.00022920
  15   0.75157432  -3.92400850   0.00098328
  15   0.75157432  -3.92251902   0.00024731
  15   0.75157432  -3.15010932   0.00000116
  15   0.75157432  -3.14905125   0.00078749
  15   0.75157432  -2.03242698   0.99459052
  15   0.75157432  -0.48122662   1.99126327
  15   0.75157432   0.64499692   0.01209105
  15   0.75157432   0.66132489   0.01008279
  15   0.75157432   1.78863509   0.07601688
  15   0.75157432   1.82597110   0.01150183
  15   0.75157432   2.02438136   0.93641371
  15   0.75157432   2.89628422   1.97529495
  15   0.75157432   4.11957650   0.99407947
  15   0.75157432   7.71335885   0.96009624
  15   0.75157432   7.71382264   0.95701933
  15   0.75157432   8.08416445   0.98837894
  15   0.75157432   8.34888842   0.00418642
  16   0.80167928 -12.92615022   0.97868830
  16   0.80167928  -9.58371611   0.00011651
  16   0.80167928  -9.49017182   0.01015300
  16   0.80167928  -7.87043926   0.00701289
  16   0.80167928  -7.81208024   0.00021299
  16   0.80167928  -3.76702920   0.00055554
  16   0.80167928  -3.76602446   0.00024472
  16   0.80167928  -3.21634127   0.00000106
  16   0.80167928  -3.21514070   0.00070738
  16   0.80167928  -1.52797662   0.99375117
  16   0.80167928  -0.37569618   1.98883724
  16   0.80167928   0.55792642   0.01195733
  16   0.80167928   0.57656332   0.01236472
  16   0.80167928   1.39532851   0.00859536
  16   0.80167928   1.42704317   0.01003516
  16   0.80167928   2.11205810   0.99096376
  16   0.80167928   2.74835462   1.97933888
  16   0.80167928   3.63988030   0.99311399
  16   0.80167928   7.80405149   0.99795938
  16   0.80167928   7.87484746   1.93516421
  16   0.80167928   8.85362009   0.00532527
  17   0.85178423 -12.98279824   0.97986877
  17   0.85178423  -9.44391652   0.00012349
  17   0.85178423  -9.33710412   0.00915453
  17   0.85178423  -8.06288404   0.00688962
  17   0.85178423  -7.99063977   0.00019684
  17   0.85178423  -3.60726118   0.00038657
  17   0.85178423  -3.60664033   0.00022408
  17   0.85178423  -3.26830796   0.00000102
  17   0.85178423  -3.26681083   0.00064805
  17   0.85178423  -1.04425080   0.99192202
  17   0.85178423  -0.28264876   1.98403978
  17   0.85178423   0.48274706   0.01276147
  17   0.85178423   0.50609282   0.01575067
  17   0.85178423   1.05475890   0.00605719
  17   0.85178423   1.09443367   0.01158571
  17   0.85178423   2.19517656   0.99419606
  17   0.85178423   2.61646149   1.98151803
  17   0.85178423   3.17985624   0.99145687
  17   0.85178423   7.55496406   0.99829686
  17   0.85178423   8.04342318   1.93611836
  17   0.85178423   9.25255282   0.00290307
  18   0.90188919 -13.02342506   0.98066044
  18   0.90188919  -9.31199459   0.00013174
  18   0.90188919  -9.18270845   0.00841857
  18   0.90188919  -8.24920909   0.00687109
  18   0.90188919  -8.15409851   0.00018253
  18   0.90188919  -3.46754143   0.00019133
  18   0.90188919  -3.46738091   0.00031499
  18   0.90188919  -3.30563602   0.00000135
  18   0.90188919  -3.30337608   0.00060572
  18   0.90188919  -0.60880858   0.98871696
  18   0.90188919  -0.20938201   1.97460341
  18   0.90188919   0.41603621   0.01620794
  18   0.90188919   0.44827341   0.01959066
  18   0.90188919   0.79308509   0.00995259
  18   0.90188919   0.84831531   0.01576332
  18   0.90188919   2.25428753   0.99462605
  18   0.90188919   2.51146604   1.98274446
  18   0.90188919   2.77080165   0.98883200
  18   0.90188919   7.36212124   0.99842393
  18   0.90188919   8.19889945   1.93272758
  18   0.90188919   9.55247026   0.00409771
  19   0.95199414 -13.04785971   0.98110461
  19   0.95199414  -9.20792849   0.00013950
  19   0.95199414  -9.04476739   0.00792040
  19   0.95199414  -8.40771537   0.00693482
  19   0.95199414  -8.27851758   0.00017059
  19   0.95199414  -3.37396185   0.00018521
  19   0.95199414  -3.37026370   0.00028225
  19   0.95199414  -3.32814031   0.00000124
  19   0.95199414  -3.32233655   0.00055144
  19   0.95199414  -0.27761038   0.98359019
  19   0.95199414  -0.16293463   1.95999408
  19   0.95199414   0.36063411   0.02488791
  19   0.95199414   0.40531935   0.02308972
  19   0.95199414   0.62844530   0.01977358
  19   0.95199414   0.70548662   0.02023239
  19   0.95199414   2.26163574   0.99200284
  19   0.95199414   2.44341032   1.98338187
  19   0.95199414   2.49031233   0.98732132
  19   0.95199414   7.24077844   0.99848711
  19   0.95199414   8.31246601   1.92853129
  19   0.95199414   9.78105415   0.00702189
  20   1.00209910 -13.05601022   0.98125643
  20   1.00209910  -9.16584075   0.00014313
  20   1.00209910  -8.97897893   0.00772089
  20   1.00209910  -8.48062721   0.00699260
  20   1.00209910  -8.32764250   0.00016546
  20   1.00209910  -3.34965019   0.00034392
  20   1.00209910  -3.33566125   0.00000123
  20   1.00209910  -3.33532410   0.00027207
  20   1.00209910  -3.31922646   0.00037256
  20   1.00209910  -0.14768508   1.95097423
  20   1.00209910  -0.14687277   0.97862321
  20   1.00209910   0.33697305   0.03154506
  20   1.00209910   0.39024384   0.02849846
  20   1.00209910   0.57018206   0.02484131
  20   1.00209910   0.66110121   0.02190363
  20   1.00209910   2.22155420   0.98750818
  20   1.00209910   2.41959967   1.98357546
  20   1.00209910   2.42042138   0.99020302
  20   1.00209910   7.19935113   0.99851394
  20   1.00209910   8.35472223   1.92655301
  20   1.00209910   9.84424889   0.00536151
  21   1.00209910 -13.05601022   0.98125643
  21   1.00209910  -9.16584075   0.00014313
  21   1.00209910  -8.97897893   0.00772089
  21   1.00209910  -8.48062721   0.00699260
  21   1.00209910  -8.32764250   0.00016546
  21   1.00209910  -3.34965019   0.00034392
  21   1.00209910  -3.33566125   0.00000123
  21   1.00209910  -3.33532410   0.00027207
  21   1.00209910  -3.31922646   0.00037256
  21   1.00209910  -0.14768508   1.95097423
  21   1.00209910  -0.14687277   0.97862321
  21   1.00209910   0.33697305   0.03154506
  21   1.00209910   0.39024384   0.02849846
  21   1.00209910   0.57018206   0.02484131
  21   1.00209910   0.66110121   0.02190363
  21   1.00209910   2.22155420   0.98750818
  21   1.00209910   2.41959967   1.98357546
  21   1.00209910   2.42042138   0.99020302
  21   1.00209910   7.19935113   0.99851394
  21   1.00209910   8.35472223   1.92655301
  21   1.00209910   9.84424889   0.00536151
  22   1.05995531 -13.04505013   0.98110181
  22   1.05995531  -9.34488533   0.00208476
  22   1.05995531  -9.16292738   0.00007173
  22   1.05995531  -8.90104741   0.00577625
  22   1.05995531  -8.55394224   0.00530651
  22   1.05995531  -8.32358417   0.00008303
  22   1.05995531  -8.13195335   0.00184191
  22   1.05995531  -3.37699565   0.00011532
  22   1.05995531  -3.37607535   0.00022137
  22   1.05995531  -3.36235893   0.00026863
  22   1.05995531  -3.36221231   0.00005703
  22   1.05995531  -3.32066752   0.00015103
  22   1.05995531  -3.32020213   0.00020269
  22   1.05995531  -0.25967241   0.97987145
  22   1.05995531  -0.20059162   0.98247039
  22   1.05995531  -0.20014777   0.98378080
  22   1.05995531   0.32118806   0.01169063
  22   1.05995531   0.39981557   0.01102144
  22   1.05995531   0.46198604   0.02294934
  22   1.05995531   0.61013267   0.02017820
  22   1.05995531   0.72031387   0.00923134
  22   1.05995531   0.72122299   0.01182827
  22   1.05995531   2.32443907   0.98960894
  22   1.05995531   2.39109252   0.99010956
  22   1.05995531   2.48928967   0.99159479
  22   1.05995531   2.48998546   0.99041593
  22   1.05995531   7.25418763   0.99835515
  22   1.05995531   8.23042230   0.96338195
  22   1.05995531   8.36354608   0.96097088
  22   1.05995531   9.71228958   0.00511693
  23   1.11781153 -13.01218874   0.98061854
  23   1.11781153  -9.64722947   0.00294462
  23   1.11781153  -9.15444816   0.00007199
  23   1.11781153  -8.83218903   0.00534693
  23   1.11781153  -8.60021579   0.00509324
  23   1.11781153  -8.31173751   0.00008359
  23   1.11781153  -7.78916308   0.00212571
  23   1.11781153  -3.46500009   0.00010987
  23   1.11781153  -3.46220083   0.00023186
  23   1.11781153  -3.45695968   0.00025671
  23   1.11781153  -3.45487939   0.00009900
  23   1.11781153  -3.29041545   0.00018725
  23   1.11781153  -3.28987767   0.00020750
  23   1.11781153  -0.54637524   0.98605543
  23   1.11781153  -0.34792102   0.99059343
  23   1.11781153  -0.34748165   0.99150693
  23   1.11781153   0.30285740   0.00746479
  23   1.11781153   0.58263284   0.00620066
  23   1.11781153   0.62901244   0.01488000
  23   1.11781153   0.76341757   0.01459057
  23   1.11781153   0.86818968   0.01078786
  23   1.11781153   0.89233925   0.00687205
  23   1.11781153   2.29714331   0.99051630
  23   1.11781153   2.59701305   0.99119431
  23   1.11781153   2.68155223   0.99102765
  23   1.11781153   2.68310599   0.98932308
  23   1.11781153   7.41361305   0.99779081
  23   1.11781153   7.91484662   0.96502423
  23   1.11781153   8.38808303   0.95016497
  23   1.11781153   9.38189031   0.00843601
  24   1.17566775 -12.95751723   0.97971499
  24   1.17566775  -9.97199658   0.00370895
  24   1.17566775  -9.14106052   0.00007266
  24   1.17566775  -8.78613460   0.00534295
  24   1.17566775  -8.61290252   0.00517274
  24   1.17566775  -8.29293846   0.00008445
  24   1.17566775  -7.39460452   0.00222614
  24   1.17566775  -3.59548866   0.00024386
  24   1.17566775  -3.59449242   0.00012252
  24   1.17566775  -3.58974249   0.00011888
  24   1.17566775  -3.58813989   0.00023679
  24   1.17566775  -3.23638996   0.00025876
  24   1.17566775  -3.23578785   0.00022663
  24   1.17566775  -0.92885165   0.99034852
  24   1.17566775  -0.55850506   0.99439275
  24   1.17566775  -0.55797542   0.99521309
  24   1.17566775   0.29472592   0.00620860
  24   1.17566775   0.85030150   0.01040350
  24   1.17566775   0.86860383   0.00456953
  24   1.17566775   1.02809360   0.01191496
  24   1.17566775   1.09642777   0.01064374
  24   1.17566775   1.16278155   0.00574337
  24   1.17566775   2.16213051   0.98732078
  24   1.17566775   2.93988044   0.99420553
  24   1.17566775   2.96342799   0.99009585
  24   1.17566775   2.97123773   0.98719668
  24   1.17566775   7.50772511   0.96870655
  24   1.17566775   7.66891033   0.99565440
  24   1.17566775   8.41627769   0.88530469
  24   1.17566775   8.89950838   0.01737634
  25   1.23352397 -12.88127770   0.97820526
  25   1.23352397 -10.29510927   0.00479431
  25   1.23352397  -9.12398372   0.00007355
  25   1.23352397  -8.74878314   0.00549056
  25   1.23352397  -8.60854475   0.00534987
  25   1.23352397  -8.26873419   0.00008553
  25   1.23352397  -6.97283926   0.00238118
  25   1.23352397  -3.75542017   0.00023440
  25   1.23352397  -3.74599023   0.00013974
  25   1.23352397  -3.74456964   0.00012806
  25   1.23352397  -3.73461556   0.00023292
  25   1.23352397  -3.16053797   0.00037861
  25   1.23352397  -3.15984224   0.00025810
  25   1.23352397  -1.35956930   0.99270225
  25   1.23352397  -0.80325029   0.99604708
  25   1.23352397  -0.80248514   0.99677259
  25   1.23352397   0.30510731   0.00611115
  25   1.23352397   1.08708403   0.01184679
  25   1.23352397   1.23582806   0.00432758
  25   1.23352397   1.37479707   0.01180068
  25   1.23352397   1.42293698   0.01621802
  25   1.23352397   1.51315233   0.00552505
  25   1.23352397   1.99744612   0.97519147
  25   1.23352397   3.29226356   0.99307019
  25   1.23352397   3.30524894   0.98873925
  25   1.23352397   3.32254665   0.98797953
  25   1.23352397   7.10094801   0.97149765
  25   1.23352397   7.99273040   0.97683537
  25   1.23352397   8.28502991   0.33699065
  25   1.23352397   8.32523525   0.03969332
  26   1.29138019 -12.78381195   0.97569877
  26   1.29138019 -10.60728066   0.00658489
  26   1.29138019  -9.10464177   0.00007457
  26   1.29138019  -8.71509125   0.00574768
  26   1.29138019  -8.59525646   0.00560085
  26   1.29138019  -8.24109334   0.00008689
  26   1.29138019  -6.53439550   0.00267917
  26   1.29138019  -3.91806217   0.00021850
  26   1.29138019  -3.90175876   0.00015350
  26   1.29138019  -3.90078263   0.00013197
  26   1.29138019  -3.88405844   0.00022695
  26   1.29138019  -3.06324876   0.00058034
  26   1.29138019  -3.06241165   0.00030548
  26   1.29138019  -1.81501463   0.99388653
  26   1.29138019  -1.06197822   0.99687338
  26   1.29138019  -1.06100863   0.99746275
  26   1.29138019   0.33765062   0.00682626
  26   1.29138019   1.33108233   0.03310974
  26   1.29138019   1.66779810   0.00465657
  26   1.29138019   1.75331266   0.45749396
  26   1.29138019   1.79859942   0.15625317
  26   1.29138019   1.88671415   0.36301589
  26   1.29138019   1.92755786   0.00581379
  26   1.29138019   3.61946775   0.99250162
  26   1.29138019   3.68688050   0.98679787
  26   1.29138019   3.68735273   0.98468804
  26   1.29138019   6.75789278   0.97455525
  26   1.29138019   7.69560062   0.00962409
  26   1.29138019   7.72423638   0.02942771
  26   1.29138019   7.95905542   0.01871501
  27   1.34923641 -12.66574861   0.97129279
  27   1.34923641 -10.90385232   0.00989429
  27   1.34923641  -9.08485520   0.00007558
  27   1.34923641  -8.68431282   0.00611572
  27   1.34923641  -8.57788590   0.00592983
  27   1.34923641  -8.21249979   0.00008813
  27   1.34923641  -6.08394495   0.00326105
  27   1.34923641  -4.06870294   0.00019502
  27   1.34923641  -4.04666248   0.00015599
  27   1.34923641  -4.04525814   0.00014112
  27   1.34923641  -4.02275800   0.00021681
  27   1.34923641  -2.94490513   0.00094479
  27   1.34923641  -2.94384514   0.00038140
  27   1.34923641  -2.28287884   0.99427760
  27   1.34923641  -1.32298641   0.99732447
  27   1.34923641  -1.32179775   0.99768317
  27   1.34923641   0.39372607   0.00871284
  27   1.34923641   1.52180068   0.57228255
  27   1.34923641   1.68917740   0.40981764
  27   1.34923641   2.15073744   0.00537960
  27   1.34923641   2.24780742   0.01555032
  27   1.34923641   2.32331218   0.01566457
  27   1.34923641   2.39287067   0.00648062
  27   1.34923641   3.80602894   0.98838645
  27   1.34923641   4.09153947   0.98181123
  27   1.34923641   4.09521293   0.98378003
  27   1.34923641   6.57241487   0.97767687
  27   1.34923641   7.05294257   0.00613246
  27   1.34923641   7.08455922   0.01079612
  27   1.34923641   7.24329788   0.01093325
  28   1.40709262 -12.52842844   0.96248931
  28   1.40709262 -11.18145924   0.01697971
  28   1.40709262  -9.06659556   0.00007619
  28   1.40709262  -8.65748953   0.00661407
  28   1.40709262  -8.56002556   0.00635021
  28   1.40709262  -8.18580809   0.00008877
  28   1.40709262  -5.62492692   0.00451264
  28   1.40709262  -4.19644568   0.00016388
  28   1.40709262  -4.17082581   0.00015515
  28   1.40709262  -4.16686658   0.00014930
  28   1.40709262  -4.14060208   0.00020165
  28   1.40709262  -2.80578325   0.00169734
  28   1.40709262  -2.80433884   0.00052032
  28   1.40709262  -2.75676559   0.99380088
  28   1.40709262  -1.57769134   0.99752176
  28   1.40709262  -1.57613601   0.99741483
  28   1.40709262   0.47216480   0.01315473
  28   1.40709262   1.38643765   0.96046263
  28   1.40709262   1.93065462   0.02635083
  28   1.40709262   2.67435077   0.00651282
  28   1.40709262   2.74801041   0.02217327
  28   1.40709262   2.83787367   0.01636158
  28   1.40709262   2.89874175   0.00748980
  28   1.40709262   3.80007346   0.97689301
  28   1.40709262   4.51558741   0.97472823
  28   1.40709262   4.52241869   0.97792554
  28   1.40709262   6.40936400   0.01529372
  28   1.40709262   6.43195686   0.01310274
  28   1.40709262   6.59189081   0.10826469
  28   1.40709262   6.63098628   0.61379343
  29   1.46494884 -12.37532266   0.94069940
  29   1.46494884 -11.43549228   0.03603039
  29   1.46494884  -9.05178146   0.00007664
  29   1.46494884  -8.63649448   0.00727170
  29   1.46494884  -8.54489518   0.00688212
  29   1.46494884  -8.16408274   0.00008948
  29   1.46494884  -5.16075734   0.00792197
  29   1.46494884  -4.29334976   0.00013167
  29   1.46494884  -4.26560000   0.00015863
  29   1.46494884  -4.25858233   0.00015424
  29   1.46494884  -4.23000320   0.00018219
  29   1.46494884  -3.23186304   0.99131346
  29   1.46494884  -2.64727068   0.00374856
  29   1.46494884  -2.64508046   0.00089435
  29   1.46494884  -1.82176654   0.99730861
  29   1.46494884  -1.81949092   0.99589097
  29   1.46494884   0.57056430   0.02555018
  29   1.46494884   1.20798770   0.96606952
  29   1.46494884   2.24625561   0.00883707
  29   1.46494884   3.22965213   0.00820432
  29   1.46494884   3.25896646   0.13845208
  29   1.46494884   3.37111066   0.06327846
  29   1.46494884   3.43515674   0.00899564
  29   1.46494884   3.64904259   0.83307177
  29   1.46494884   4.94416033   0.94829440
  29   1.46494884   4.95511923   0.95322925
  29   1.46494884   5.76976856   0.01652393
  29   1.46494884   5.78342010   0.01806419
  29   1.46494884   5.94825915   0.01289810
  29   1.46494884   6.01838107   0.01927745
  30   1.52280506 -12.21916111   0.86182135
  30   1.52280506 -11.65246398   0.11110768
  30   1.52280506  -9.04229008   0.00007697
  30   1.52280506  -8.62310147   0.00813426
  30   1.52280506  -8.53486504   0.00756488
  30   1.52280506  -8.14991388   0.00009007
  30   1.52280506  -4.69822161   0.02433139
  30   1.52280506  -4.35387079   0.00017004
  30   1.52280506  -4.32515128   0.00016446
  30   1.52280506  -4.31559329   0.00015975
  30   1.52280506  -4.28582951   0.00016662
  30   1.52280506  -3.70112439   0.97693646
  30   1.52280506  -2.47117710   0.01404211
  30   1.52280506  -2.46680175   0.00291689
  30   1.52280506  -2.05188691   0.99501932
  30   1.52280506  -2.04743647   0.98651105
  30   1.52280506   0.68230320   0.07936270
  30   1.52280506   1.04501192   0.91628903
  30   1.52280506   2.58448211   0.00551099
  30   1.52280506   3.26009056   0.94470400
  30   1.52280506   3.80062127   0.01084102
  30   1.52280506   3.87151739   0.02633725
  30   1.52280506   3.95823369   0.03138448
  30   1.52280506   3.98299790   0.01132985
  30   1.52280506   5.09553541   0.10727924
  30   1.52280506   5.10111793   0.11566229
  30   1.52280506   5.29212148   0.11287454
  30   1.52280506   5.31035223   0.27233315
  30   1.52280506   5.50290235   0.74996150
  30   1.52280506   5.51892857   0.56180269
  31   1.58066128 -12.12841864   0.49171692
  31   1.58066128 -11.76346068   0.49073449
  31   1.58066128  -9.03895318   0.00007692
  31   1.58066128  -8.61843863   0.00927371
  31   1.58066128  -8.53128745   0.00845942
  31   1.58066128  -8.14494403   0.00009026
  31   1.58066128  -4.37491867   0.00264871
  31   1.58066128  -4.34534333   0.00017232
  31   1.58066128  -4.34322900   0.49451885
  31   1.58066128  -4.33488556   0.00016664
  31   1.58066128  -4.30466472   0.00275868
  31   1.58066128  -4.05782305   0.49778360
  31   1.58066128  -2.31664150   0.49967188
  31   1.58066128  -2.29069594   0.49965644
  31   1.58066128  -2.24523625   0.49966764
  31   1.58066128  -2.21923932   0.49965131
  31   1.58066128   0.75802907   0.49826622
  31   1.58066128   0.95213887   0.49800879
  31   1.58066128   2.91398293   0.48672417
  31   1.58066128   2.95107340   0.49385461
  31   1.58066128   4.23085461   0.01190013
  31   1.58066128   4.30636223   0.00828117
  31   1.58066128   4.31676068   0.01395536
  31   1.58066128   4.37254344   0.01298341
  31   1.58066128   4.66141152   0.01961952
  31   1.58066128   4.67037682   0.01094081
  31   1.58066128   4.90637344   0.00415677
  31   1.58066128   4.98577178   0.01574749
  31   1.58066128   5.76103191   0.52646512
  31   1.58066128   5.85070821   0.42860040
  32   1.63851750 -12.21916111   0.12222036
  32   1.63851750 -11.65246398   0.86931437
  32   1.63851750  -9.04229008   0.00007695
  32   1.63851750  -8.62310147   0.01079701
  32   1.63851750  -8.53486504   0.00966255
  32   1.63851750  -8.14991388   0.00009048
  32   1.63851750  -4.69822161   0.97049296
  32   1.63851750  -4.35387079   0.00090028
  32   1.63851750  -4.32515128   0.00018276
  32   1.63851750  -4.31559329   0.00017612
  32   1.63851750  -4.28582951   0.00034157
  32   1.63851750  -3.70112439   0.01967194
  32   1.63851750  -2.47117710   0.98537582
  32   1.63851750  -2.46680175   0.99649930
  32   1.63851750  -2.05188691   0.00419099
  32   1.63851750  -2.04743647   0.01269306
  32   1.63851750   0.68230320   0.91686594
  32   1.63851750   1.04501192   0.07978041
  32   1.63851750   2.58448211   0.97692209
  32   1.63851750   3.26009056   0.00450691
  32   1.63851750   3.80062127   0.00438523
  32   1.63851750   3.87151739   0.00745603
  32   1.63851750   3.95823369   0.00900467
  32   1.63851750   3.98299790   0.00564897
  32   1.63851750   5.09553532   0.01513829
  32   1.63851750   5.10111788   0.00806621
  32   1.63851750   5.29212130   0.00730074
  32   1.63851750   5.31035135   0.04779428
  32   1.63851750   5.50289465   0.02117939
  32   1.63851750   5.51892120   0.01452015
  33   1.69637372 -12.37532266   0.04420530
  33   1.69637372 -11.43549228   0.94214177
  33   1.69637372  -9.05178146   0.00007672
  33   1.69637372  -8.63649448   0.01288335
  33   1.69637372  -8.54489518   0.01134031
  33   1.69637372  -8.16408274   0.00009055
  33   1.69637372  -5.16075734   0.98615777
  33   1.69637372  -4.29334976   0.00042431
  33   1.69637372  -4.26560000   0.00019398
  33   1.69637372  -4.25858233   0.00018725
  33   1.69637372  -4.23000320   0.00025151
  33   1.69637372  -3.23186304   0.00559403
  33   1.69637372  -2.64727068   0.99573141
  33   1.69637372  -2.64508046   0.99858707
  33   1.69637372  -1.82176654   0.00174384
  33   1.69637372  -1.81949092   0.00315853
  33   1.69637372   0.57056430   0.97018075
  33   1.69637372   1.20798770   0.02963202
  33   1.69637372   2.24625561   0.97164136
  33   1.69637372   3.22965213   0.00283406
  33   1.69637372   3.25896646   0.00836243
  33   1.69637372   3.37111066   0.00947519
  33   1.69637372   3.43515674   0.00352983
  33   1.69637372   3.64904259   0.00316663
  33   1.69637372   4.94416033   0.00860668
  33   1.69637372   4.95511923   0.00245388
  33   1.69637372   5.76976393   0.03742465
  33   1.69637372   5.78342353   0.03115957
  33   1.69637372   5.94823548   0.02241908
  33   1.69637372   6.01838518   0.01821810
  34   1.75422993 -12.52842844   0.02313297
  34   1.75422993 -11.18145924   0.95787454
  34   1.75422993  -9.06659556   0.00007666
  34   1.75422993  -8.65748953   0.01584051
  34   1.75422993  -8.56002556   0.01377820
  34   1.75422993  -8.18580809   0.00009102
  34   1.75422993  -5.62492692   0.98782426
  34   1.75422993  -4.19644568   0.00034361
  34   1.75422993  -4.17082581   0.00020923
  34   1.75422993  -4.16686658   0.00020128
  34   1.75422993  -4.14060208   0.00024345
  34   1.75422993  -2.80578325   0.99781686
  34   1.75422993  -2.80433884   0.99899626
  34   1.75422993  -2.75676559   0.00318215
  34   1.75422993  -1.57769134   0.00131955
  34   1.75422993  -1.57613601   0.00142317
  34   1.75422993   0.47216480   0.98176074
  34   1.75422993   1.38643765   0.03367821
  34   1.75422993   1.93065462   0.94847190
  34   1.75422993   2.67435077   0.00220478
  34   1.75422993   2.74801041   0.01116189
  34   1.75422993   2.83787367   0.01281546
  34   1.75422993   2.89874175   0.00270037
  34   1.75422993   3.80007346   0.00236703
  34   1.75422993   4.51558740   0.00506237
  34   1.75422993   4.52241864   0.00230173
  34   1.75422993   6.40764827   0.05128180
  34   1.75422993   6.44786407   0.06188581
  34   1.75422993   6.59674410   0.01858379
  34   1.75422993   6.63073903   0.02462137
  35   1.81208615 -12.66574861   0.01490383
  35   1.81208615 -10.90385232   0.96007514
  35   1.81208615  -9.08485520   0.00007709
  35   1.81208615  -8.68431282   0.02022247
  35   1.81208615  -8.57788590   0.01748854
  35   1.81208615  -8.21249979   0.00009222
  35   1.81208615  -6.08394495   0.98615080
  35   1.81208615  -4.06870294   0.00034026
  35   1.81208615  -4.04666248   0.00023957
  35   1.81208615  -4.04525814   0.00021188
  35   1.81208615  -4.02275800   0.00026131
  35   1.81208615  -2.94490513   0.99856251
  35   1.81208615  -2.94384514   0.99912572
  35   1.81208615  -2.28287884   0.00259110
  35   1.81208615  -1.32298641   0.00122868
  35   1.81208615  -1.32179775   0.00086905
  35   1.81208615   0.39372607   0.98474938
  35   1.81208615   1.52180068   0.40673766
  35   1.81208615   1.68917740   0.56007433
  35   1.81208615   2.15073744   0.00187503
  35   1.81208615   2.24780742   0.01570092
  35   1.81208615   2.32331218   0.02165424
  35   1.81208615   2.39287067   0.00225946
  35   1.81208615   3.80602894   0.00211264
  35   1.81208615   4.09153947   0.00346996
  35   1.81208615   4.09521293   0.00210232
  35   1.81208615   6.57239766   0.00396066
  35   1.81208615   7.06811194   0.08880022
  35   1.81208615   7.08498329   0.08477128
  35   1.81208615   7.31282009   0.06373144
  36   1.86994237 -12.78381195   0.01092947
  36   1.86994237 -10.60728066   0.95581990
  36   1.86994237  -9.10464177   0.00007731
  36   1.86994237  -8.71509125   0.02712686
  36   1.86994237  -8.59525646   0.02349058
  36   1.86994237  -8.24109334   0.00009322
  36   1.86994237  -6.53439550   0.98169416
  36   1.86994237  -3.91806217   0.00038420
  36   1.86994237  -3.90175876   0.00033289
  36   1.86994237  -3.90078263   0.00019172
  36   1.86994237  -3.88405844   0.00030485
  36   1.86994237  -3.06324876   0.99884677
  36   1.86994237  -3.06241165   0.99912339
  36   1.86994237  -1.81501463   0.00263921
  36   1.86994237  -1.06197822   0.00123929
  36   1.86994237  -1.06100863   0.00064713
  36   1.86994237   0.33765062   0.98388809
  36   1.86994237   1.33108233   0.90023917
  36   1.86994237   1.66779810   0.00167509
  36   1.86994237   1.75331266   0.03823550
  36   1.86994237   1.79859942   0.01518189
  36   1.86994237   1.88671415   0.04976942
  36   1.86994237   1.92755786   0.00197940
  36   1.86994237   3.61946775   0.00200965
  36   1.86994237   3.68688050   0.00189884
  36   1.86994237   3.68735273   0.00260576
  36   1.86994237   6.75789244   0.00376742
  36   1.86994237   7.69234759   0.12609644
  36   1.86994237   7.71911190   0.16907588
  36   1.86994237   7.90341201   0.08125571
  37   1.92779859 -12.88127770   0.00875817
  37   1.92779859 -10.29510927   0.94506371
  37   1.92779859  -9.12398372   0.00007739
  37   1.92779859  -8.74878314   0.03887486
  37   1.92779859  -8.60854475   0.03397771
  37   1.92779859  -8.26873419   0.00009416
  37   1.92779859  -6.97283926   0.97268820
  37   1.92779859  -3.75542017   0.00050312
  37   1.92779859  -3.74599023   0.00051346
  37   1.92779859  -3.74456964   0.00019136
  37   1.92779859  -3.73461556   0.00039969
  37   1.92779859  -3.16053797   0.99879849
  37   1.92779859  -3.15984224   0.99892527
  37   1.92779859  -1.35956930   0.00315080
  37   1.92779859  -0.80325029   0.00129790
  37   1.92779859  -0.80248514   0.00055914
  37   1.92779859   0.30510731   0.97872907
  37   1.92779859   1.08708403   0.83712035
  37   1.92779859   1.23582806   0.00154721
  37   1.92779859   1.37479707   0.03641578
  37   1.92779859   1.42293698   0.11421546
  37   1.92779859   1.51315233   0.00178594
  37   1.92779859   1.99744612   0.01507610
  37   1.92779859   3.29226356   0.00209771
  37   1.92779859   3.30524894   0.00171041
  37   1.92779859   3.32254665   0.00208554
  37   1.92779859   7.10094810   0.00390251
  37   1.92779859   7.99278937   0.00236951
  37   1.92779859   8.28221934   0.14244561
  37   1.92779859   8.33691981   0.19341373
  38   1.98565481 -12.95751723   0.00749542
  38   1.98565481  -9.97199658   0.92340094
  38   1.98565481  -9.14106052   0.00007757
  38   1.98565481  -8.78613460   0.06096610
  38   1.98565481  -8.61290252   0.05421625
  38   1.98565481  -8.29293846   0.00009516
  38   1.98565481  -7.39460452   0.95380461
  38   1.98565481  -3.59548866   0.00089116
  38   1.98565481  -3.59449242   0.00079840
  38   1.98565481  -3.58974249   0.00054842
  38   1.98565481  -3.58813989   0.00070239
  38   1.98565481  -3.23638996   0.99805868
  38   1.98565481  -3.23578785   0.99810946
  38   1.98565481  -0.92885165   0.00435169
  38   1.98565481  -0.55850506   0.00138735
  38   1.98565481  -0.55797542   0.00054440
  38   1.98565481   0.29472592   0.96399081
  38   1.98565481   0.85030150   0.63968855
  38   1.98565481   0.86860383   0.00147788
  38   1.98565481   1.02809360   0.03781854
  38   1.98565481   1.09642777   0.32784420
  38   1.98565481   1.16278155   0.00164703
  38   1.98565481   2.16213051   0.00885961
  38   1.98565481   2.93988044   0.00224741
  38   1.98565481   2.96342799   0.00154093
  38   1.98565481   2.97123773   0.00203572
  38   1.98565481   7.50772528   0.00424338
  38   1.98565481   7.66891018   0.00074165
  38   1.98565481   8.41600475   0.02404221
  38   1.98565481   8.90876977   0.26586533
  39   2.04351103 -13.01218874   0.00675954
  39   2.04351103  -9.64722947   0.87808013
  39   2.04351103  -9.15444816   0.00007787
  39   2.04351103  -8.83218903   0.10758527
  39   2.04351103  -8.60021579   0.09828497
  39   2.04351103  -8.31173751   0.00009609
  39   2.04351103  -7.78916308   0.91000956
  39   2.04351103  -3.46500009   0.00257820
  39   2.04351103  -3.46220083   0.00253525
  39   2.04351103  -3.45695968   0.00298721
  39   2.04351103  -3.45487939   0.00259349
  39   2.04351103  -3.29041545   0.99360096
  39   2.04351103  -3.28987767   0.99366760
  39   2.04351103  -0.54637524   0.00710804
  39   2.04351103  -0.34792102   0.00148381
  39   2.04351103  -0.34748165   0.00059888
  39   2.04351103   0.30285740   0.91957700
  39   2.04351103   0.58263284   0.00146656
  39   2.04351103   0.62901244   0.41074839
  39   2.04351103   0.76341757   0.07293790
  39   2.04351103   0.86818968   0.56734329
  39   2.04351103   0.89233925   0.00155110
  39   2.04351103   2.29714331   0.00651101
  39   2.04351103   2.59701305   0.00314705
  39   2.04351103   2.68155223   0.00138147
  39   2.04351103   2.68310599   0.00170205
  39   2.04351103   7.41361305   0.00054958
  39   2.04351103   7.91484601   0.00500761
  39   2.04351103   8.38808820   0.02024507
  39   2.04351103   9.37514114   0.49949336
  40   2.10136724 -13.04505013   0.00637132
  40   2.10136724  -9.34488533   0.77962899
  40   2.10136724  -9.16292738   0.00007825
  40   2.10136724  -8.90104741   0.21158072
  40   2.10136724  -8.55394224   0.20165747
  40   2.10136724  -8.32358417   0.00009672
  40   2.10136724  -8.13195335   0.80212659
  40   2.10136724  -3.37699565   0.02758060
  40   2.10136724  -3.37607535   0.02950075
  40   2.10136724  -3.36235893   0.04160743
  40   2.10136724  -3.36221231   0.04140165
  40   2.10136724  -3.32066752   0.92526698
  40   2.10136724  -3.32020213   0.92700827
  40   2.10136724  -0.25967241   0.01374985
  40   2.10136724  -0.20059162   0.00154889
  40   2.10136724  -0.20014777   0.00080881
  40   2.10136724   0.32118806   0.79001057
  40   2.10136724   0.39981557   0.00150521
  40   2.10136724   0.46198604   0.31959653
  40   2.10136724   0.61013267   0.19556251
  40   2.10136724   0.72031387   0.00148310
  40   2.10136724   0.72122299   0.66062093
  40   2.10136724   2.32443907   0.00307404
  40   2.10136724   2.39109252   0.00690499
  40   2.10136724   2.48928967   0.00125918
  40   2.10136724   2.48998546   0.00156685
  40   2.10136724   7.25418763   0.00051027
  40   2.10136724   8.23042209   0.00570783
  40   2.10136724   8.36354447   0.01885181
  40   2.10136724   9.70763060   0.47650835
  41   2.15922346 -13.05601022   0.00624912
  41   2.15922346  -9.16584075   0.66662538
  41   2.15922346  -8.97897893   0.33076179
  41   2.15922346  -8.48062721   0.33100408
  41   2.15922346  -8.32764250   0.66661823
  41   2.15922346  -3.34965019   0.66655755
  41   2.15922346  -3.33566125   0.33333597
  41   2.15922346  -3.33532410   0.33324394
  41   2.15922346  -3.31922646   0.66654760
  41   2.15922346  -0.14768508   0.01634414
  41   2.15922346  -0.14687277   0.00712603
  41   2.15922346   0.33697305   0.65615338
  41   2.15922346   0.39024384   0.32383364
  41   2.15922346   0.57018206   0.32505521
  41   2.15922346   0.66110121   0.65936863
  41   2.15922346   2.22155420   0.00416710
  41   2.15922346   2.41959967   0.00547768
  41   2.15922346   2.42042138   0.00326680
  41   2.15922346   7.19935113   0.00049817
  41   2.15922346   8.35472223   0.02443595
  41   2.15922346   9.84424889   0.22255389
  42   2.15922346 -13.05601022   0.00624912
  42   2.15922346  -9.16584075   0.66662538
  42   2.15922346  -8.97897893   0.33076179
  42   2.15922346  -8.48062721   0.33100408
  42   2.15922346  -8.32764250   0.66661823
  42   2.15922346  -3.34965019   0.66655755
  42   2.15922346  -3.33566125   0.33333597
  42   2.15922346  -3.33532410   0.33324394
  42   2.15922346  -3.31922646   0.66654760
  42   2.15922346  -0.14768508   0.01634414
  42   2.15922346  -0.14687277   0.00712603
  42   2.15922346   0.33697305   0.65615338
  42   2.15922346   0.39024384   0.32383364
  42   2.15922346   0.57018206   0.32505521
  42   2.15922346   0.66110121   0.65936863
  42   2.15922346   2.22155420   0.00416710
  42   2.15922346   2.41959967   0.00547768
  42   2.15922346   2.42042138   0.00326680
  42   2.15922346   7.19935113   0.00049817
  42   2.15922346   8.35472223   0.02443595
  42   2.15922346   9.84424889   0.22255389
  43   2.24104451 -13.03418913   0.00633230
  43   2.24104451  -9.32313597   0.32676479
  43   2.24104451  -9.31558009   0.00007550
  43   2.24104451  -8.94701139   0.68449825
  43   2.24104451  -8.50468198   0.71176183
  43   2.24104451  -8.15691063   0.00010100
  43   2.24104451  -8.14351593   0.27259395
  43   2.24104451  -3.47930535   0.99483359
  43   2.24104451  -3.36564514   0.02337885
  43   2.24104451  -3.36482131   0.00225953
  43   2.24104451  -3.35155431   0.05843482
  43   2.24104451  -3.34734983   0.00394500
  43   2.24104451  -3.31176358   0.91394573
  43   2.24104451  -0.44232022   0.00355487
  43   2.24104451  -0.25325018   0.00838810
  43   2.24104451  -0.15864094   0.00158213
  43   2.24104451   0.37553302   0.44781852
  43   2.24104451   0.38638126   0.00152125
  43   2.24104451   0.48923790   0.46365577
  43   2.24104451   0.67822907   0.34412315
  43   2.24104451   0.76368359   0.00149248
  43   2.24104451   0.81281565   0.72026306
  43   2.24104451   2.31356454   0.00153112
  43   2.24104451   2.44364288   0.00122702
  43   2.24104451   2.47311843   0.00177507
  43   2.24104451   2.65052269   0.00642362
  43   2.24104451   7.30840910   0.00051197
  43   2.24104451   8.18555308   0.01598791
  43   2.24104451   8.30413966   0.00601970
  43   2.24104451   9.62046238   0.18310767
  44   2.32286556 -12.96887213   0.00659537
  44   2.32286556  -9.60629500   0.15304129
  44   2.32286556  -9.60079576   0.00006977
  44   2.32286556  -8.92264206   0.86113071
  44   2.32286556  -8.49243652   0.87719059
  44   2.32286556  -7.81286991   0.00011186
  44   2.32286556  -7.80095843   0.10515629
  44   2.32286556  -3.82231753   0.99923956
  44   2.32286556  -3.43858969   0.00040015
  44   2.32286556  -3.43713973   0.00004703
  44   2.32286556  -3.38935427   0.00803308
  44   2.32286556  -3.38627248   0.00032244
  44   2.32286556  -3.25728364   0.99060690
  44   2.32286556  -1.07509721   0.00274423
  44   2.32286556  -0.54927447   0.00225260
  44   2.32286556  -0.19423678   0.00160831
  44   2.32286556   0.48584019   0.62324780
  44   2.32286556   0.55005331   0.00152049
  44   2.32286556   0.64631010   0.33264652
  44   2.32286556   0.98033778   0.07742735
  44   2.32286556   1.04075251   0.00159925
  44   2.32286556   1.32826801   0.94865996
  44   2.32286556   2.37422143   0.00170196
  44   2.32286556   2.51584157   0.00127700
  44   2.32286556   2.61305881   0.00308396
  44   2.32286556   3.30838394   0.00397470
  44   2.32286556   7.61647183   0.00055833
  44   2.32286556   7.80838317   0.01237604
  44   2.32286556   8.16241721   0.00594742
  44   2.32286556   8.87628296   0.01288398
  45   2.40468661 -12.86069402   0.00709195
  45   2.40468661  -9.89799991   0.09393458
  45   2.40468661  -9.89537664   0.00006432
  45   2.40468661  -8.93757440   0.91880023
  45   2.40468661  -8.42674056   0.93112928
  45   2.40468661  -7.43392205   0.00012485
  45   2.40468661  -7.42617797   0.05293752
  45   2.40468661  -4.21899368   0.99922293
  45   2.40468661  -3.55827602   0.00053435
  45   2.40468661  -3.55685011   0.00013292
  45   2.40468661  -3.40078977   0.00244892
  45   2.40468661  -3.39838761   0.00016258
  45   2.40468661  -3.16359610   0.99670351
  45   2.40468661  -1.79962551   0.00200596
  45   2.40468661  -0.97119226   0.00100565
  45   2.40468661  -0.25985643   0.00162927
  45   2.40468661   0.62883944   0.88244438
  45   2.40468661   0.83645952   0.00157881
  45   2.40468661   0.89674519   0.09315295
  45   2.40468661   1.39911298   0.02157831
  45   2.40468661   1.44696434   0.00176187
  45   2.40468661   2.10922846   0.97357833
  45   2.40468661   2.44144065   0.00425171
  45   2.40468661   2.63655553   0.00137777
  45   2.40468661   2.81127936   0.01083312
  45   2.40468661   4.07536866   0.00298555
  45   2.40468661   7.39333440   0.00982314
  45   2.40468661   7.80784925   0.00545481
  45   2.40468661   7.85019253   0.00476042
  45   2.40468661   8.07928976   0.00066205
  46   2.48650766 -12.71073739   0.00793610
  46   2.48650766 -10.16705392   0.07103461
  46   2.48650766 -10.16634952   0.00005922
  46   2.48650766  -9.02120334   0.93999803
  46   2.48650766  -8.29479380   0.95283109
  46   2.48650766  -7.07370404   0.00014238
  46   2.48650766  -7.07017689   0.03284253
  46   2.48650766  -4.56772249   0.99931049
  46   2.48650766  -3.70151810   0.00055666
  46   2.48650766  -3.70008268   0.00019053
  46   2.48650766  -3.34951939   0.00119734
  46   2.48650766  -3.34787977   0.00016819
  46   2.48650766  -3.03361393   0.99803138
  46   2.48650766  -2.53208114   0.00172870
  46   2.48650766  -1.45940555   0.00067458
  46   2.48650766  -0.36053916   0.00164267
  46   2.48650766   0.78446431   0.95891148
  46   2.48650766   1.23164510   0.00171077
  46   2.48650766   1.27408746   0.02514939
  46   2.48650766   1.90402263   0.00952493
  46   2.48650766   1.94835663   0.00201862
  46   2.48650766   2.52118045   0.00369704
  46   2.48650766   2.80718397   0.00154295
  46   2.48650766   2.96670458   0.45025456
  46   2.48650766   3.12262993   0.53901553
  46   2.48650766   4.76878689   0.00281305
  46   2.48650766   6.76693614   0.00175127
  46   2.48650766   6.80933171   0.00571432
  46   2.48650766   7.03325021   0.00853327
  46   2.48650766   8.00928774   0.08988884
  47   2.56832871 -12.52087780   0.00937373
  47   2.56832871 -10.40281493   0.00005453
  47   2.56832871 -10.40224751   0.06360184
  47   2.56832871  -9.18599205   0.94615364
  47   2.56832871  -8.09761309   0.96206224
  47   2.56832871  -6.76757550   0.02439344
  47   2.56832871  -6.76701279   0.00016290
  47   2.56832871  -4.81155816   0.99936008
  47   2.56832871  -3.84879741   0.00055139
  47   2.56832871  -3.84670006   0.00019038
  47   2.56832871  -3.26275039   0.00145453
  47   2.56832871  -3.20094797   0.00076544
  47   2.56832871  -3.18018558   0.00058153
  47   2.56832871  -2.86949946   0.99842823
  47   2.56832871  -1.97396915   0.00054894
  47   2.56832871  -0.49834931   0.00165831
  47   2.56832871   0.96554021   0.97823197
  47   2.56832871   1.71597616   0.00193711
  47   2.56832871   1.74682951   0.00932802
  47   2.56832871   2.43997321   0.00509218
  47   2.56832871   2.51898365   0.00241925
  47   2.56832871   2.64649087   0.00391737
  47   2.56832871   3.03421505   0.00181904
  47   2.56832871   3.29953054   0.01283033
  47   2.56832871   4.08215522   0.97544760
  47   2.56832871   5.21539769   0.00316257
  47   2.56832871   5.71884984   0.00087017
  47   2.56832871   5.77707719   0.01152781
  47   2.56832871   6.75064439   0.00751521
  47   2.56832871   7.50669304   0.95066065
  48   2.56832871 -12.52087780   0.00937374
  48   2.56832871 -10.40281493   0.00005459
  48   2.56832871 -10.40224751   0.06360207
  48   2.56832871  -9.18599205   0.94615418
  48   2.56832871  -8.09761309   0.96206141
  48   2.56832871  -6.76757550   0.02439378
  48   2.56832871  -6.76701279   0.00016335
  48   2.56832871  -4.81155816   0.99935913
  48   2.56832871  -3.84879741   0.00055206
  48   2.56832871  -3.84670006   0.00019119
  48   2.56832871  -3.26275039   0.00145518
  48   2.56832871  -3.20094797   0.00076629
  48   2.56832871  -3.18018558   0.00058215
  48   2.56832871  -2.86949946   0.99843001
  48   2.56832871  -1.97396915   0.00054947
  48   2.56832871  -0.49834931   0.00165873
  48   2.56832871   0.96554021   0.97822648
  48   2.56832871   1.71597616   0.00193807
  48   2.56832871   1.74682951   0.00932916
  48   2.56832871   2.43997321   0.00509380
  48   2.56832871   2.51898365   0.00242193
  48   2.56832871   2.64649087   0.00391823
  48   2.56832871   3.03421505   0.00182070
  48   2.56832871   3.29953054   0.01283007
  48   2.56832871   4.08215522   0.97544384
  48   2.56832871   5.21539770   0.00316611
  48   2.56832871   5.71885011   0.00087718
  48   2.56832871   5.77707723   0.01153355
  48   2.56832871   6.75064863   0.00751403
  48   2.56832871   7.51772038   0.94750649
  49   2.62969449 -12.35422710   0.01115512
  49   2.62969449 -10.55453373   0.00005150
  49   2.62969449 -10.55335874   0.06487890
  49   2.62969449  -9.36078084   0.94402093
  49   2.62969449  -7.91172293   0.96434093
  49   2.62969449  -6.58988590   0.02208000
  49   2.62969449  -6.58637572   0.00017996
  49   2.62969449  -4.90987791   0.99923480
  49   2.62969449  -3.95658154   0.00060698
  49   2.62969449  -3.94986121   0.00017820
  49   2.62969449  -3.75505287   0.00198145
  49   2.62969449  -3.01453310   0.00060217
  49   2.62969449  -3.01008861   0.00030224
  49   2.62969449  -2.72583315   0.99850994
  49   2.62969449  -2.36159429   0.00050121
  49   2.62969449  -0.62815812   0.00170352
  49   2.62969449   1.11941649   0.98300731
  49   2.62969449   2.12508082   0.00223477
  49   2.62969449   2.14459480   0.00538968
  49   2.62969449   2.60393734   0.00407326
  49   2.62969449   2.96014169   0.00289582
  49   2.62969449   3.00485314   0.00494615
  49   2.62969449   3.26149194   0.00218525
  49   2.62969449   3.52905219   0.00574465
  49   2.62969449   4.79409272   0.61988288
  49   2.62969449   4.96107817   0.00056496
  49   2.62969449   5.08120100   0.35556936
  49   2.62969449   5.39810583   0.01273657
  49   2.62969449   6.60015381   0.00721941
  49   2.62969449   7.05054649   0.95612282
  50   2.69106028 -12.16908930   0.01410628
  50   2.69106028 -10.68289102   0.00004881
  50   2.69106028 -10.68128955   0.07252267
  50   2.69106028  -9.57133188   0.93513608
  50   2.69106028  -7.69611618   0.96311152
  50   2.69106028  -6.45704604   0.02252128
  50   2.69106028  -6.45090984   0.00019584
  50   2.69106028  -4.93371525   0.99897355
  50   2.69106028  -4.25875315   0.00259885
  50   2.69106028  -4.04188431   0.00016205
  50   2.69106028  -4.03428608   0.00057450
  50   2.69106028  -2.76713863   0.00046470
  50   2.69106028  -2.76663728   0.00044066
  50   2.69106028  -2.73809047   0.00042805
  50   2.69106028  -2.56606605   0.99851131
  50   2.69106028  -0.77860570   0.00179933
  50   2.69106028   1.28793016   0.98426491
  50   2.69106028   2.52842812   0.00420002
  50   2.69106028   2.56592676   0.00273333
  50   2.69106028   2.68418818   0.00516646
  50   2.69106028   3.32493505   0.00345690
  50   2.69106028   3.48813231   0.00487909
  50   2.69106028   3.61670483   0.00299074
  50   2.69106028   3.76769394   0.00424880
  50   2.69106028   4.24821075   0.00034267
  50   2.69106028   4.28361194   0.01383103
  50   2.69106028   5.41801472   0.00825785
  50   2.69106028   5.75112970   0.97265452
  50   2.69106028   6.51037415   0.01797092
  50   2.69106028   6.60000227   0.95338953
  51   2.75242606 -11.96924499   0.01947368
  51   2.75242606 -10.78718220   0.00004642
  51   2.75242606 -10.78530856   0.08976021
  51   2.75242606  -9.80628737   0.91514945
  51   2.75242606  -7.45317455   0.95701754
  51   2.75242606  -6.36477719   0.02633044
  51   2.75242606  -6.35654179   0.00021014
  51   2.75242606  -4.88793685   0.99868143
  51   2.75242606  -4.71977888   0.00397000
  51   2.75242606  -4.11952349   0.00014573
  51   2.75242606  -4.11584333   0.00053769
  51   2.75242606  -3.10676854   0.00045456
  51   2.75242606  -2.47502221   0.00024505
  51   2.75242606  -2.47187901   0.00049588
  51   2.75242606  -2.39207063   0.99850672
  51   2.75242606  -0.94789695   0.00201848
  51   2.75242606   1.46783910   0.98232555
  51   2.75242606   2.58767615   0.00800512
  51   2.75242606   3.02855533   0.00363715
  51   2.75242606   3.06083356   0.00383351
  51   2.75242606   3.56387321   0.00133168
  51   2.75242606   3.56424997   0.00724026
  51   2.75242606   3.61382196   0.00380581
  51   2.75242606   3.96003014   0.00544154
  51   2.75242606   4.12589043   0.00404061
  51   2.75242606   4.17159799   0.00478143
  51   2.75242606   5.42596015   0.00410027
  51   2.75242606   6.16696306   0.95902801
  51   2.75242606   6.46240731   0.76448739
  51   2.75242606   6.47380895   0.04422966
  52   2.81379185 -11.76171718   0.03077355
  52   2.81379185 -10.86689396   0.00004452
  52   2.81379185 -10.86488013   0.12501745
  52   2.81379185 -10.05002217   0.87207115
  52   2.81379185  -7.18623080   0.94088465
  52   2.81379185  -6.30506381   0.03681311
  52   2.81379185  -6.29540586   0.00022187
  52   2.81379185  -5.15525437   0.00726738
  52   2.81379185  -4.78013374   0.99853355
  52   2.81379185  -4.18047504   0.00013086
  52   2.81379185  -4.17746839   0.00058363
  52   2.81379185  -3.45280647   0.00045661
  52   2.81379185  -2.20641112   0.99000615
  52   2.81379185  -2.16765564   0.00812772
  52   2.81379185  -2.16512992   0.00057283
  52   2.81379185  -1.13216909   0.00257743
  52   2.81379185   1.65382655   0.97383082
  52   2.81379185   2.51660256   0.01420060
  52   2.81379185   2.98599824   0.00028331
  52   2.81379185   3.02263987   0.01120778
  52   2.81379185   3.52373280   0.00583457
  52   2.81379185   3.53475667   0.00298169
  52   2.81379185   3.88136851   0.00787302
  52   2.81379185   4.32637899   0.00633237
  52   2.81379185   4.62059048   0.00712860
  52   2.81379185   4.65528128   0.00625625
  52   2.81379185   5.45969885   0.00458744
  52   2.81379185   5.75673971   0.94970906
  52   2.81379185   6.06212183   0.70052326
  52   2.81379185   6.33235257   0.08020324
  53   2.87515764 -11.56222708   0.06045928
  53   2.87515764 -10.92158529   0.00004283
  53   2.87515764 -10.91965887   0.19708274
  53   2.87515764 -10.27907041   0.77283680
  53   2.87515764  -6.90336169   0.89408410
  53   2.87515764  -6.26950244   0.06801498
  53   2.87515764  -6.25930573   0.00023013
  53   2.87515764  -5.55426416   0.01811284
  53   2.87515764  -4.61825049   0.99834543
  53   2.87515764  -4.22304378   0.00011709
  53   2.87515764  -4.22021301   0.00082419
  53   2.87515764  -3.77512582   0.00053657
  53   2.87515764  -2.01135274   0.99239552
  53   2.87515764  -1.89140368   0.00420103
  53   2.87515764  -1.88891340   0.00059760
  53   2.87515764  -1.32740343   0.00446823
  53   2.87515764   1.83446953   0.93740875
  53   2.87515764   2.35823853   0.03334432
  53   2.87515764   2.53249533   0.00014005
  53   2.87515764   2.64072609   0.02861751
  53   2.87515764   4.00499476   0.00415307
  53   2.87515764   4.00847870   0.01292909
  53   2.87515764   4.16962847   0.01778391
  53   2.87515764   4.66163984   0.01211432
  53   2.87515764   5.10674468   0.02185368
  53   2.87515764   5.18667360   0.04210171
  53   2.87515764   5.37891746   0.88322264
  53   2.87515764   5.54629915   0.01323479
  53   2.87515764   5.66660539   0.62797147
  53   2.87515764   5.86747326   0.06545278
  54   2.93652342 -11.41048172   0.16066271
  54   2.93652342 -10.95104633   0.00004150
  54   2.93652342 -10.94944336   0.31448162
  54   2.93652342 -10.44805344   0.54596537
  54   2.93652342  -6.63972983   0.70466405
  54   2.93652342  -6.25075273   0.18767935
  54   2.93652342  -6.24174835   0.00023575
  54   2.93652342  -5.88174484   0.08399704
  54   2.93652342  -4.41028483   0.99505365
  54   2.93652342  -4.24614119   0.00010518
  54   2.93652342  -4.24339045   0.00368132
  54   2.93652342  -4.06830610   0.00145278
  54   2.93652342  -1.81268960   0.96928620
  54   2.93652342  -1.70862622   0.01413425
  54   2.93652342  -1.70618313   0.00057437
  54   2.93652342  -1.52639526   0.01915937
  54   2.93652342   1.96878193   0.68778682
  54   2.93652342   2.19229790   0.19265279
  54   2.93652342   2.25496156   0.00006729
  54   2.93652342   2.44423117   0.11502387
  54   2.93652342   4.43162451   0.09974318
  54   2.93652342   4.45139793   0.01109783
  54   2.93652342   4.48994861   0.03072738
  54   2.93652342   4.97559151   0.10121882
  54   2.93652342   5.01660554   0.76154852
  54   2.93652342   5.20254316   0.22473127
  54   2.93652342   5.42717468   0.10438737
  54   2.93652342   5.50832818   0.60749030
  54   2.93652342   5.69350575   0.04553934
  54   2.93652342   5.71017206   0.02606794
  55   2.99788921 -11.38375712   0.43638006
  55   2.99788921 -10.95526489   0.00004079
  55   2.99788921 -10.95375155   0.31992882
  55   2.99788921 -10.47725563   0.23175049
  55   2.99788921  -6.58053463   0.19023016
  55   2.99788921  -6.24731495   0.24127421
  55   2.99788921  -6.23937155   0.00023926
  55   2.99788921  -5.95098372   0.58457708
  55   2.99788921  -4.33267386   0.00416314
  55   2.99788921  -4.24947148   0.00009614
  55   2.99788921  -4.24678479   0.02400693
  55   2.99788921  -4.15798589   0.97083199
  55   2.99788921  -1.75012280   0.05674640
  55   2.99788921  -1.67983844   0.02867639
  55   2.99788921  -1.67752036   0.00056999
  55   2.99788921  -1.58920976   0.90913373
  55   2.99788921   1.98586253   0.19757158
  55   2.99788921   2.17454330   0.33888066
  55   2.99788921   2.21275453   0.00003282
  55   2.99788921   2.40957201   0.46787792
  55   2.99788921   4.50784612   0.66125619
  55   2.99788921   4.56984197   0.13720597
  55   2.99788921   4.60783556   0.14762153
  55   2.99788921   4.91874393   0.10318036
  55   2.99788921   4.98861774   0.35949683
  55   2.99788921   5.20287285   0.46620554
  55   2.99788921   5.32408515   0.08766279
  55   2.99788921   5.43359065   0.04743554
  55   2.99788921   5.76214010   0.86654478
  55   2.99788921   5.78181274   0.01694649
  56   3.05925500 -11.50316809   0.71825457
  56   3.05925500 -10.93418652   0.00004051
  56   3.05925500 -10.93236273   0.17801179
  56   3.05925500 -10.34544475   0.07547834
  56   3.05925500  -6.80948691   0.03900960
  56   3.05925500  -6.26165917   0.07195613
  56   3.05925500  -6.25155677   0.00023995
  56   3.05925500  -5.67513128   0.90761054
  56   3.05925500  -4.55367785   0.00047692
  56   3.05925500  -4.23288524   0.00008920
  56   3.05925500  -4.23008653   0.00359342
  56   3.05925500  -3.87634056   0.99598610
  56   3.05925500  -1.94508160   0.00436860
  56   3.05925500  -1.81661027   0.00229679
  56   3.05925500  -1.81416515   0.00064266
  56   3.05925500  -1.39378935   0.99081361
  56   3.05925500   1.88846970   0.04430893
  56   3.05925500   2.29174029   0.47584900
  56   3.05925500   2.41696113   0.00003589
  56   3.05925500   2.55885767   0.48874012
  56   3.05925500   4.15957189   0.11764405
  56   3.05925500   4.16663424   0.12763187
  56   3.05925500   4.26896749   0.81876403
  56   3.05925500   4.77434019   0.84139359
  56   3.05925500   5.22624392   0.06002097
  56   3.05925500   5.23492384   0.01972089
  56   3.05925500   5.38109637   0.02588544
  56   3.05925500   5.55281455   0.08723861
  56   3.05925500   5.60030469   0.86386079
  56   3.05925500   5.71237299   0.02695190
  57   3.12062078 -11.69310710   0.85370839
  57   3.12062078 -10.88791339   0.00004056
  57   3.12062078 -10.88591654   0.08946187
  57   3.12062078 -10.12960336   0.03058981
  57   3.12062078  -7.09300842   0.01599773
  57   3.12062078  -6.29093178   0.02942862
  57   3.12062078  -6.28097157   0.00023711
  57   3.12062078  -5.29314739   0.96577352
  57   3.12062078  -4.73181811   0.00027432
  57   3.12062078  -4.19676908   0.00008315
  57   3.12062078  -4.19386617   0.00303449
  57   3.12062078  -3.56330381   0.99750745
  57   3.12062078  -2.14223293   0.00165062
  57   3.12062078  -2.06937565   0.00084254
  57   3.12062078  -2.06688557   0.00077966
  57   3.12062078  -1.19650808   0.99537915
  57   3.12062078   1.71552368   0.01654094
  57   3.12062078   2.47428804   0.82260436
  57   3.12062078   2.81998027   0.00008994
  57   3.12062078   2.87326315   0.16170293
  57   3.12062078   3.68467057   0.03047475
  57   3.12062078   3.69112831   0.07321526
  57   3.12062078   3.97549859   0.92885363
  57   3.12062078   4.43751009   0.84648699
  57   3.12062078   4.78846172   0.08314197
  57   3.12062078   4.83553298   0.03360164
  57   3.12062078   5.48200212   0.97702301
  57   3.12062078   5.62560082   0.00944064
  57   3.12062078   5.92525809   0.00528340
  57   3.12062078   6.18195612   0.05167394
  58   3.18198657 -11.90041634   0.91246372
  58   3.18198657 -10.81654638   0.00004100
  58   3.18198657 -10.81459475   0.04972041
  58   3.18198657  -9.88748599   0.01597675
  58   3.18198657  -7.36662971   0.00927555
  58   3.18198657  -6.34171861   0.01623956
  58   3.18198657  -6.33292730   0.00022955
  58   3.18198657  -4.86842526   0.96986133
  58   3.18198657  -4.85836478   0.01198334
  58   3.18198657  -4.14183774   0.00007762
  58   3.18198657  -4.13848461   0.00455327
  58   3.18198657  -3.22449092   0.99785984
  58   3.18198657  -2.37256315   0.00053225
  58   3.18198657  -2.36955241   0.00100939
  58   3.18198657  -2.33125010   0.00093985
  58   3.18198657  -1.00786648   0.99638528
  58   3.18198657   1.52951104   0.00913066
  58   3.18198657   2.57244885   0.92968595
  58   3.18198657   3.17697922   0.01304624
  58   3.18198657   3.20517492   0.06075824
  58   3.18198657   3.38142009   0.00280928
  58   3.18198657   3.38658346   0.06239903
  58   3.18198657   3.69716507   0.92249572
  58   3.18198657   4.09269887   0.59333050
  58   3.18198657   4.29822321   0.06036805
  58   3.18198657   4.30225604   0.34710994
  58   3.18198657   5.43240765   0.98471504
  58   3.18198657   6.02794178   0.00603985
  58   3.18198657   6.33836694   0.00263011
  58   3.18198657   6.46371818   0.85317850
  59   3.24335236 -12.10384934   0.94090039
  59   3.24335236 -10.72035551   0.00004183
  59   3.24335236 -10.71864616   0.03076824
  59   3.24335236  -9.64760710   0.00999019
  59   3.24335236  -7.61804359   0.00643868
  59   3.24335236  -6.42211396   0.01074172
  59   3.24335236  -6.41518868   0.00021774
  59   3.24335236  -4.92584376   0.00016554
  59   3.24335236  -4.41427416   0.97554958
  59   3.24335236  -4.06943926   0.00007240
  59   3.24335236  -4.06419497   0.01508904
  59   3.24335236  -2.86520416   0.99582040
  59   3.24335236  -2.67347977   0.00038942
  59   3.24335236  -2.66971845   0.00301754
  59   3.24335236  -2.50954912   0.00067306
  59   3.24335236  -0.83303917   0.99662912
  59   3.24335236   1.34684091   0.00635692
  59   3.24335236   2.58256658   0.80151355
  59   3.24335236   2.71871788   0.00937533
  59   3.24335236   2.77955904   0.20980099
  59   3.24335236   3.42200830   0.80492371
  59   3.24335236   3.65119142   0.15771239
  59   3.24335236   3.76083615   0.17208219
  59   3.24335236   3.81446110   0.56382066
  59   3.24335236   4.03293460   0.00438288
  59   3.24335236   4.11448542   0.26849928
  59   3.24335236   5.42078623   0.98331493
  59   3.24335236   6.02289258   0.00479908
  59   3.24335236   6.44963525   0.05174938
  59   3.24335236   6.49670386   0.90440983
  60   3.30471814 -12.29442788   0.95635074
  60   3.30471814 -10.59996026   0.00004326
  60   3.30471814 -10.59862107   0.02073306
  60   3.30471814  -9.42746091   0.00707988
  60   3.30471814  -7.84303802   0.00497949
  60   3.30471814  -6.54073456   0.00797552
  60   3.30471814  -6.53630043   0.00020234
  60   3.30471814  -4.92594202   0.00013219
  60   3.30471814  -4.00089896   0.21881515
  60   3.30471814  -3.98195803   0.00006651
  60   3.30471814  -3.90848382   0.80499953
  60   3.30471814  -2.93831363   0.00033137
  60   3.30471814  -2.93436556   0.00324657
  60   3.30471814  -2.67428719   0.00051940
  60   3.30471814  -2.48923896   0.99800205
  60   3.30471814  -0.67608023   0.99657249
  60   3.30471814   1.17407420   0.00518010
  60   3.30471814   2.26887454   0.00687579
  60   3.30471814   2.28143559   0.07708050
  60   3.30471814   2.62439394   0.90692228
  60   3.30471814   3.09594537   0.36700955
  60   3.30471814   3.16214571   0.07227498
  60   3.30471814   3.36074336   0.61599529
  60   3.30471814   3.60928196   0.92359650
  60   3.30471814   4.70029776   0.03754754
  60   3.30471814   4.71724270   0.00028340
  60   3.30471814   5.21679943   0.04778135
  60   3.30471814   5.41200604   0.93565565
  60   3.30471814   6.56412525   0.96836573
  60   3.30471814   6.90433618   0.00409523
  61   3.36608393 -12.46754433   0.96549821
  61   3.36608393 -10.45591940   0.00004520
  61   3.36608393 -10.45514040   0.01491503
  61   3.36608393  -9.23981175   0.00549276
  61   3.36608393  -8.03911056   0.00414129
  61   3.36608393  -6.70334330   0.00640741
  61   3.36608393  -6.70176504   0.00018300
  61   3.36608393  -4.85275834   0.00012054
  61   3.36608393  -3.88474910   0.00655873
  61   3.36608393  -3.88206168   0.00005919
  61   3.36608393  -3.42224828   0.97487843
  61   3.36608393  -3.14607059   0.00030159
  61   3.36608393  -3.13891320   0.01967451
  61   3.36608393  -2.82349844   0.00041917
  61   3.36608393  -2.10382436   0.99816775
  61   3.36608393  -0.53935534   0.99630523
  61   3.36608393   1.01502918   0.00471669
  61   3.36608393   1.84833565   0.00555631
  61   3.36608393   1.87612538   0.02872706
  61   3.36608393   2.52872091   0.64984477
  61   3.36608393   2.66740766   0.08635945
  61   3.36608393   2.72987961   0.38486722
  61   3.36608393   3.10201050   0.90386266
  61   3.36608393   3.37385765   0.95706397
  61   3.36608393   4.34203068   0.00888546
  61   3.36608393   5.26294607   0.89669740
  61   3.36608393   5.46257676   0.00067753
  61   3.36608393   5.54362271   0.11482840
  61   3.36608393   6.69183576   0.97268718
  61   3.36608393   7.36332716   0.00317523
  62   3.42744972 -12.62064104   0.97128218
  62   3.42744972 -10.28926983   0.01132555
  62   3.42744972  -9.09344621   0.00456097
  62   3.42744972  -8.20392921   0.00363608
  62   3.42744972  -6.91182127   0.00016238
  62   3.42744972  -6.91040084   0.00544656
  62   3.42744972  -4.70500863   0.00012549
  62   3.42744972  -3.77559085   0.00188776
  62   3.42744972  -3.77399589   0.00004934
  62   3.42744972  -3.28898460   0.00028308
  62   3.42744972  -3.28887230   0.00577888
  62   3.42744972  -2.95568452   0.00034845
  62   3.42744972  -2.89015924   0.98949081
  62   3.42744972  -1.71517034   0.99805075
  62   3.42744972  -0.42420812   0.99577940
  62   3.42744972   0.87138218   0.00467494
  62   3.42744972   1.46411444   0.00494447
  62   3.42744972   1.50050499   0.01819765
  62   3.42744972   2.17893971   0.07226536
  62   3.42744972   2.22709369   0.03093040
  62   3.42744972   2.57012220   0.93986034
  62   3.42744972   2.91301764   0.96258163
  62   3.42744972   3.15237443   0.93972957
  62   3.42744972   3.57016444   0.03876216
  62   3.42744972   5.03330023   0.99011701
  62   3.42744972   6.23981646   0.00269604
  62   3.42744972   6.28527809   0.01596060
  62   3.42744972   6.87871780   0.97206652
  62   3.42744972   7.90230503   0.13367060
  63   3.48881550 -12.75205214   0.97508204
  63   3.48881550 -10.10265671   0.00884996
  63   3.48881550 -10.10154604   0.00005052
  63   3.48881550  -8.99281138   0.00400282
  63   3.48881550  -8.33414785   0.00334166
  63   3.48881550  -7.15985973   0.00014295
  63   3.48881550  -7.15529161   0.00482481
  63   3.48881550  -4.48875786   0.00014061
  63   3.48881550  -3.66455517   0.00095484
  63   3.48881550  -3.66314740   0.00003889
  63   3.48881550  -3.37020527   0.00026654
  63   3.48881550  -3.36828628   0.00062873
  63   3.48881550  -3.06938923   0.00029687
  63   3.48881550  -2.35025026   0.99442816
  63   3.48881550  -1.33353747   0.99779195
  63   3.48881550  -0.33190034   0.99478137
  63   3.48881550   0.74354253   0.00499650
  63   3.48881550   1.12405197   0.00496023
  63   3.48881550   1.16984035   0.01387752
  63   3.48881550   1.77140394   0.02297964
  63   3.48881550   1.81571924   0.01577469
  63   3.48881550   2.49904495   0.97681105
  63   3.48881550   2.75969680   0.97932875
  63   3.48881550   2.77934907   0.13406473
  63   3.48881550   3.00533033   0.85801643
  63   3.48881550   4.61177747   0.99286741
  63   3.48881550   7.02393603   0.13134238
  63   3.48881550   7.07280182   0.03076217
  63   3.48881550   7.12829377   0.82544333
  63   3.48881550   8.02839991   0.81931126
  64   3.55018129 -12.86069402   0.97764325
  64   3.55018129  -9.89799991   0.00711317
  64   3.55018129  -9.89537664   0.00005399
  64   3.55018129  -8.93757440   0.00370915
  64   3.55018129  -8.42674056   0.00321351
  64   3.55018129  -7.43392205   0.00012486
  64   3.55018129  -7.42617797   0.00439554
  64   3.55018129  -4.21899368   0.00015782
  64   3.55018129  -3.55827602   0.00062276
  64   3.55018129  -3.55685011   0.00002845
  64   3.55018129  -3.40078977   0.00024440
  64   3.55018129  -3.39838761   0.00025897
  64   3.55018129  -3.16359610   0.00025729
  64   3.55018129  -1.79962551   0.99415529
  64   3.55018129  -0.97119226   0.99734348
  64   3.55018129  -0.25985643   0.99293852
  64   3.55018129   0.62883944   0.00574240
  64   3.55018129   0.83645952   0.00577709
  64   3.55018129   0.89674519   0.01200590
  64   3.55018129   1.39911298   0.01321559
  64   3.55018129   1.44696434   0.01027905
  64   3.55018129   2.10922846   0.01576747
  64   3.55018129   2.44144065   0.98530841
  64   3.55018129   2.63655553   0.98596936
  64   3.55018129   2.81127936   0.97782999
  64   3.55018129   4.07536866   0.99322820
  64   3.55018129   7.39342710   0.96750784
  64   3.55018129   7.81227295   0.22890808
  64   3.55018129   7.87068192   0.07672097
  64   3.55018129   8.08366036   0.98371863
  65   3.61154707 -12.94581480   0.97935218
  65   3.61154707  -9.68024717   0.00573171
  65   3.61154707  -9.67556055   0.00005828
  65   3.61154707  -8.92143879   0.00368217
  65   3.61154707  -8.48162799   0.00326374
  65   3.61154707  -7.71876712   0.00010958
  65   3.61154707  -7.70785589   0.00403748
  65   3.61154707  -3.92134580   0.00016841
  65   3.61154707  -3.46511024   0.00046006
  65   3.61154707  -3.46365286   0.00002263
  65   3.61154707  -3.39600022   0.00021443
  65   3.61154707  -3.39314024   0.00019765
  65   3.61154707  -3.23734792   0.00022799
  65   3.61154707  -1.25249438   0.99256980
  65   3.61154707  -0.64556186   0.99640346
  65   3.61154707  -0.20760433   0.98955256
  65   3.61154707   0.52090559   0.00704708
  65   3.61154707   0.61042499   0.00778804
  65   3.61154707   0.69624206   0.01187260
  65   3.61154707   1.07560231   0.01043371
  65   3.61154707   1.13169001   0.00836888
  65   3.61154707   1.50524850   0.00605050
  65   3.61154707   2.38950351   0.99076700
  65   3.61154707   2.54145825   0.98912859
  65   3.61154707   2.65789285   0.98680478
  65   3.61154707   3.49808506   0.99266523
  65   3.61154707   7.70398146   0.97043163
  65   3.61154707   7.71880848   0.99578756
  65   3.61154707   8.11438979   0.90108365
  65   3.61154707   8.61699879   0.00418204
  66   3.67291286 -13.00694396   0.98044914
  66   3.67291286  -9.45991999   0.00437073
  66   3.67291286  -9.45288445   0.00006323
  66   3.67291286  -8.93167287   0.00408822
  66   3.67291286  -8.50449602   0.00362012
  66   3.67291286  -7.99437130   0.00009696
  66   3.67291286  -7.98081076   0.00355141
  66   3.67291286  -3.63548858   0.00016497
  66   3.67291286  -3.39458972   0.00034964
  66   3.67291286  -3.39344040   0.00003784
  66   3.67291286  -3.37182431   0.00016195
  66   3.67291286  -3.36814992   0.00020724
  66   3.67291286  -3.28983837   0.00020991
  66   3.67291286  -0.73752009   0.98918337
  66   3.67291286  -0.38117544   0.99380916
  66   3.67291286  -0.17305550   0.98416561
  66   3.67291286   0.42236521   0.00882337
  66   3.67291286   0.45265019   0.01112311
  66   3.67291286   0.56423583   0.01404092
  66   3.67291286   0.81108890   0.01093493
  66   3.67291286   0.88348610   0.00848403
  66   3.67291286   1.02606609   0.00674165
  66   3.67291286   2.34541009   0.99217796
  66   3.67291286   2.47370185   0.99075705
  66   3.67291286   2.53427789   0.98962885
  66   3.67291286   2.95032118   0.99099278
  66   3.67291286   7.44016962   0.99797356
  66   3.67291286   8.00960547   0.96824771
  66   3.67291286   8.24322816   0.95304680
  66   3.67291286   9.29949121   0.00199951
  67   3.73427865 -13.04373654   0.98106271
  67   3.73427865  -9.26316118   0.00241428
  67   3.73427865  -9.25651586   0.00006863
  67   3.73427865  -8.95648829   0.00549057
  67   3.73427865  -8.50020800   0.00478867
  67   3.73427865  -8.22507612   0.00008715
  67   3.73427865  -8.21351283   0.00235026
  67   3.73427865  -3.41960143   0.00014725
  67   3.73427865  -3.35753802   0.00012618
  67   3.73427865  -3.35483158   0.00026845
  67   3.73427865  -3.34323541   0.00003844
  67   3.73427865  -3.33783126   0.00024041
  67   3.73427865  -3.31791256   0.00020791
  67   3.73427865  -0.32185819   0.98305649
  67   3.73427865  -0.20707782   0.98589516
  67   3.73427865  -0.15378327   0.97820991
  67   3.73427865   0.35954986   0.01148263
  67   3.73427865   0.36421708   0.01448344
  67   3.73427865   0.45123217   0.01978030
  67   3.73427865   0.63088802   0.01802857
  67   3.73427865   0.71966765   0.00992305
  67   3.73427865   0.74319113   0.01063082
  67   3.73427865   2.29113836   0.99114233
  67   3.73427865   2.43312236   0.99154568
  67   3.73427865   2.45046231   0.99072331
  67   3.73427865   2.54013700   0.98911428
  67   3.73427865   7.26111374   0.99840271
  67   3.73427865   8.25566455   0.96504873
  67   3.73427865   8.32602533   0.96145546
  67   3.73427865   9.73389527   0.00591869
  68   3.79564443 -13.05601022   0.98125643
  68   3.79564443  -9.16584075   0.00014313
  68   3.79564443  -8.97897893   0.00772089
  68   3.79564443  -8.48062721   0.00699260
  68   3.79564443  -8.32764250   0.00016546
  68   3.79564443  -3.34965019   0.00034392
  68   3.79564443  -3.33566125   0.00000123
  68   3.79564443  -3.33532410   0.00027207
  68   3.79564443  -3.31922646   0.00037256
  68   3.79564443  -0.14768508   1.95097423
  68   3.79564443  -0.14687277   0.97862321
  68   3.79564443   0.33697305   0.03154506
  68   3.79564443   0.39024384   0.02849846
  68   3.79564443   0.57018206   0.02484131
  68   3.79564443   0.66110121   0.02190363
  68   3.79564443   2.22155420   0.98750818
  68   3.79564443   2.41959967   1.98357546
  68   3.79564443   2.42042138   0.99020302
  68   3.79564443   7.19935113   0.99851394
  68   3.79564443   8.35472223   1.92655301
  68   3.79564443   9.84424889   0.00536151
