# Unfolded band structure from postprocessed wavefunction file [banduppy-1.0.0-dev]
# k-index, k on path (A^-1), energy (eV), weight 
#
   0   0.00000000 -11.55027152   1.00000191
   0   0.00000000  -8.42507356   1.00000322
   0   0.00000000  -1.77244076   1.99999642
   0   0.00000000   0.43337216   1.00000334
   0   0.00000000   3.58778200   2.00000525
   0   0.00000000   6.93859547   0.67219877
   1   0.05010495 -11.58511827   0.99999827
   1   0.05010495 -11.54646583   0.00000109
   1   0.05010495  -8.41606686   0.00000592
   1   0.05010495  -8.37247145   0.99999809
   1   0.05010495  -1.86493910   0.00002346
   1   0.05010495  -1.79212177   0.00000241
   1   0.05010495  -1.76634764   1.99996412
   1   0.05010495   0.43873405   1.00000000
   1   0.05010495   0.52800567   0.00000324
   1   0.05010495   3.56010113   0.00000684
   1   0.05010495   3.59170132   1.99998927
   1   0.05010495   3.62408645   0.00000352
   1   0.05010495   6.94981380   0.96536368
   1   0.05010495   6.99092516   0.00000280
   2   0.10020991 -11.68313256   0.99999720
   2   0.10020991 -11.53497059   0.00000148
   2   0.10020991  -8.38949643   0.00000617
   2   0.10020991  -8.22145581   0.99999398
   2   0.10020991  -2.10370558   0.00003082
   2   0.10020991  -1.84947574   0.00000080
   2   0.10020991  -1.74834209   1.99997079
   2   0.10020991   0.45480981   0.99999857
   2   0.10020991   0.76809497   0.00000537
   2   0.10020991   3.48913629   0.00000785
   2   0.10020991   3.60302826   1.99998999
   2   0.10020991   3.73119376   0.00000329
   2   0.10020991   6.97854752   0.98990560
   2   0.10020991   7.13395984   0.00000584
   3   0.15031486 -11.82821390   0.99999762
   3   0.15031486 -11.51563519   0.00000129
   3   0.15031486  -8.34674108   0.00000700
   3   0.15031486  -7.98684561   0.99999344
   3   0.15031486  -2.41919064   0.00002485
   3   0.15031486  -1.94045380   0.00000206
   3   0.15031486  -1.71799263   1.99997520
   3   0.15031486   0.48174622   0.99999762
   3   0.15031486   1.07193789   0.00000512
   3   0.15031486   3.40831578   0.00000657
   3   0.15031486   3.62047232   1.99998593
   3   0.15031486   3.90418231   0.00000309
   3   0.15031486   7.02383979   0.99987388
   3   0.15031486   7.32459597   0.00000671
   4   0.20041982 -12.00325513   0.99999690
   4   0.20041982 -11.48780202   0.00000212
   4   0.20041982  -8.28966319   0.00000725
   4   0.20041982  -7.68758367   0.99999398
   4   0.20041982  -2.76451180   0.00002472
   4   0.20041982  -2.05649903   0.00001123
   4   0.20041982  -1.67551738   1.99994469
   4   0.20041982   0.51931090   0.99999690
   4   0.20041982   1.36304640   0.00000749
   4   0.20041982   3.37057172   0.00000657
   4   0.20041982   3.64190797   1.99998426
   4   0.20041982   4.13660691   0.00000341
   4   0.20041982   7.08629009   0.99967468
   4   0.20041982   7.46566166   0.00000614
   5   0.25052477 -12.19409215   0.99999726
   5   0.25052477 -11.45132559   0.00000223
   5   0.25052477  -8.22216443   0.00000776
   5   0.25052477  -7.33801092   0.99999338
   5   0.25052477  -3.11441695   0.00002391
   5   0.25052477  -2.19168029   0.00001175
   5   0.25052477  -1.62130715   1.99994326
   5   0.25052477   0.56727279   0.99999702
   5   0.25052477   1.56709773   0.00000881
   5   0.25052477   3.44094490   0.00000593
   5   0.25052477   3.66365775   1.99998081
   5   0.25052477   4.42029989   0.00000345
   5   0.25052477   7.15875252   0.99624532
   5   0.25052477   7.35774880   0.00001063
   6   0.30062973 -12.39047662   0.99999803
   6   0.30062973 -11.40547273   0.00000204
   6   0.30062973  -8.14833796   0.00000651
   6   0.30062973  -6.94845829   0.99999589
   6   0.30062973  -3.45225410   0.00002368
   6   0.30062973  -2.33996117   0.00000799
   6   0.30062973  -1.55543168   1.99994993
   6   0.30062973   0.62556662   0.99999976
   6   0.30062973   1.63752959   0.00000898
   6   0.30062973   3.66569237   0.00000876
   6   0.30062973   3.68149382   1.99998617
   6   0.30062973   4.74849472   0.00000918
   6   0.30062973   6.93216096   0.00000413
   6   0.30062973   6.93287335   0.00239059
   7   0.35073468 -12.58539468   0.99999851
   7   0.35073468 -11.34981489   0.00000157
   7   0.35073468  -8.07581926   0.00000594
   7   0.35073468  -6.52595793   0.99999475
   7   0.35073468  -3.76540324   0.00001609
   7   0.35073468  -2.49340307   0.00000418
   7   0.35073468  -1.47818877   1.99996018
   7   0.35073468   0.69409170   0.99999869
   7   0.35073468   1.59175140   0.00000522
   7   0.35073468   3.68988603   1.99998438
   7   0.35073468   4.02523388   0.00000844
   7   0.35073468   5.11459296   0.00000618
   7   0.35073468   6.36293344   0.00002198
   8   0.40083964 -12.77414394   0.99999863
   8   0.40083964 -11.28372162   0.00000092
   8   0.40083964  -8.01243807   0.00000204
   8   0.40083964  -6.07596238   0.99999714
   8   0.40083964  -4.04278568   0.00000894
   8   0.40083964  -2.64784493   0.00000251
   8   0.40083964  -1.38998547   1.99996257
   8   0.40083964   0.77240158   0.99999940
   8   0.40083964   1.47885558   0.00000202
   8   0.40083964   3.68250059   1.99998891
   8   0.40083964   4.45938656   0.00000874
   8   0.40083964   5.51299716   0.00000471
   8   0.40083964   5.51310924   0.00000366
   8   0.40083964   5.76852349   0.00001222
   9   0.45094459 -12.95346019   0.99999875
   9   0.45094459 -11.20666219   0.00000089
   9   0.45094459  -7.96886739   0.00000184
   9   0.45094459  -5.60236893   0.99999529
   9   0.45094459  -4.27234201   0.00000996
   9   0.45094459  -2.79966721   0.00000218
   9   0.45094459  -1.29137935   1.99996281
   9   0.45094459   0.85990289   0.99999887
   9   0.45094459   1.33630755   0.00000175
   9   0.45094459   3.65291268   1.99998713
   9   0.45094459   4.78750047   0.00001226
   9   0.45094459   5.32995524   0.00001489
   9   0.45094459   5.93899659   0.00002241
  10   0.50104955 -13.12110820   0.99999976
  10   0.50104955 -11.11809112   0.00000037
  10   0.50104955  -7.95632977   0.00001108
  10   0.50104955  -5.10827921   0.99999672
  10   0.50104955  -4.44310327   0.00001834
  10   0.50104955  -2.94553049   0.00000334
  10   0.50104955  -1.18313255   1.99996829
  10   0.50104955   0.95570220   0.99999833
  10   0.50104955   1.18472097   0.00000592
  10   0.50104955   3.59584072   1.99998534
  10   0.50104955   4.40463514   0.00001229
  10   0.50104955   5.64625348   0.00000849
  10   0.50104955   6.23514744   0.98859388
  10   0.50104955   6.38804808   0.00000146
  11   0.55115450 -13.27554829   0.99999797
  11   0.55115450 -11.01779771   0.00000067
  11   0.55115450  -7.98471321   0.00001338
  11   0.55115450  -4.59630015   0.99999356
  11   0.55115450  -4.54521846   0.00001717
  11   0.55115450  -3.08313476   0.00000483
  11   0.55115450  -1.06628905   1.99996614
  11   0.55115450   1.03539443   0.00000528
  11   0.55115450   1.05844997   0.99999809
  11   0.55115450   3.50856764   1.99998093
  11   0.55115450   3.83459023   0.00001246
  11   0.55115450   5.75549556   0.99997050
  11   0.55115450   6.18838405   0.00000663
  11   0.55115450   6.18854382   0.00000428
  11   0.55115450   6.85603900   0.00000490
  12   0.60125946 -13.41563580   0.99999648
  12   0.60125946 -10.90530080   0.00000031
  12   0.60125946  -8.05898614   0.00000775
  12   0.60125946  -4.57444708   0.00001118
  12   0.60125946  -4.06889297   0.99999750
  12   0.60125946  -3.20956621   0.00000098
  12   0.60125946  -0.94228336   1.99997592
  12   0.60125946   0.89472108   0.00000312
  12   0.60125946   1.16607977   0.99999905
  12   0.60125946   3.26750638   0.00000935
  12   0.60125946   3.39202374   1.99998903
  12   0.60125946   5.27013737   0.99998724
  12   0.60125946   6.76638955   0.00000270
  12   0.60125946   6.76655998   0.00000557
  12   0.60125946   6.76778511   0.00002526
  12   0.60125946   7.34017639   0.00006146
  13   0.65136441 -13.54054444   0.99999988
  13   0.65136441 -10.78056548   0.00000036
  13   0.65136441  -8.17803665   0.00000867
  13   0.65136441  -4.53673125   0.00001150
  13   0.65136441  -3.52864306   0.99999440
  13   0.65136441  -3.32443509   0.00000102
  13   0.65136441  -0.81308699   1.99997497
  13   0.65136441   0.76619261   0.00000307
  13   0.65136441   1.27539250   0.99999928
  13   0.65136441   2.72230418   0.00000881
  13   0.65136441   3.25095637   1.99998939
  13   0.65136441   4.78163664   0.99998558
  13   0.65136441   7.35667991   0.00000338
  13   0.65136441   7.35680505   0.00015684
  13   0.65136441   7.35722313   0.00005385
  13   0.65136441   7.83218509   0.00052341
  14   0.70146937 -13.64967635   0.99999905
  14   0.70146937 -10.64343043   0.00001857
  14   0.70146937  -8.33462069   0.00000268
  14   0.70146937  -4.44230939   0.00000997
  14   0.70146937  -3.42602724   0.00001378
  14   0.70146937  -2.97727805   0.99998826
  14   0.70146937  -0.67974416   1.99995863
  14   0.70146937   0.65225234   0.00000716
  14   0.70146937   1.38138467   0.99999684
  14   0.70146937   2.20826110   0.00000570
  14   0.70146937   3.09432462   1.99996448
  14   0.70146937   4.29351381   0.99997085
  14   0.70146937   7.86311145   0.96865898
  14   0.70146937   7.95127044   0.00194625
  14   0.70146937   7.95681482   0.00686164
  14   0.70146937   8.02248404   0.19589442
  15   0.75157432 -13.74274270   0.99999642
  15   0.75157432 -10.49395272   0.00001846
  15   0.75157432  -8.51899656   0.00000244
  15   0.75157432  -4.30686095   0.00000955
  15   0.75157432  -3.51338228   0.00001264
  15   0.75157432  -2.42114330   0.99998701
  15   0.75157432  -0.54937145   1.99995446
  15   0.75157432   0.55445745   0.00000682
  15   0.75157432   1.47477491   0.99999219
  15   0.75157432   1.73363725   0.00000530
  15   0.75157432   2.92929696   1.99996614
  15   0.75157432   3.80846396   0.99997216
  15   0.75157432   7.55338657   0.99996054
  15   0.75157432   8.42818564   0.98886764
  15   0.75157432   8.42999646   0.97386914
  15   0.75157432   8.53976449   0.00027654
  16   0.80167928 -13.81916367   0.99999547
  16   0.80167928 -10.33234666   0.00000693
  16   0.80167928  -8.72197554   0.00000100
  16   0.80167928  -4.14872069   0.00001344
  16   0.80167928  -3.58579481   0.00001179
  16   0.80167928  -1.86417411   0.99998045
  16   0.80167928  -0.42538861   1.99991715
  16   0.80167928   0.47387716   0.00000546
  16   0.80167928   1.30838267   0.00000501
  16   0.80167928   1.54066347   0.99999142
  16   0.80167928   2.76880796   1.99996138
  16   0.80167928   3.34042934   0.99996668
  16   0.80167928   7.23320327   0.99999505
  16   0.80167928   8.62946051   0.99968266
  16   0.80167928   8.63006900   0.99827713
  16   0.80167928   9.11801780   0.00005228
  17   0.85178423 -13.87880352   0.99999750
  17   0.85178423 -10.15903683   0.00000688
  17   0.85178423  -8.93449583   0.00000100
  17   0.85178423  -3.98856185   0.00001360
  17   0.85178423  -3.64262866   0.00001111
  17   0.85178423  -1.31457831   0.99997765
  17   0.85178423  -0.31454262   1.99991345
  17   0.85178423   0.41179172   0.00000544
  17   0.85178423   0.94556105   0.00000462
  17   0.85178423   1.54762403   0.99998844
  17   0.85178423   2.62444421   1.99996376
  17   0.85178423   2.92020486   0.99997079
  17   0.85178423   6.94693400   0.99999654
  17   0.85178423   8.85987784   1.99970818
  17   0.85178423   9.60458294   0.00007324
  18   0.90188919 -13.92152288   0.99999678
  18   0.90188919  -9.97460356   0.00000586
  18   0.90188919  -9.15089436   0.00000126
  18   0.90188919  -3.84858790   0.00000778
  18   0.90188919  -3.68349740   0.00002568
  18   0.90188919  -0.79234745   0.99996972
  18   0.90188919  -0.22469251   1.99988246
  18   0.90188919   0.36986839   0.00000486
  18   0.90188919   0.66118678   0.00000286
  18   0.90188919   1.44513429   0.99998903
  18   0.90188919   2.50901195   1.99996412
  18   0.90188919   2.60936310   0.99997497
  18   0.90188919   6.72405731   0.99999672
  18   0.90188919   9.09833299   1.99983025
  18   0.90188919  10.01511981   0.00043768
  19   0.95199414 -13.94719735   0.99999714
  19   0.95199414  -9.77999063   0.00000577
  19   0.95199414  -9.36595154   0.00000130
  19   0.95199414  -3.75132253   0.00000800
  19   0.95199414  -3.70811581   0.00002626
  19   0.95199414  -0.35031309   0.99995869
  19   0.95199414  -0.16611931   1.99988091
  19   0.95199414   0.35293381   0.00000499
  19   0.95199414   0.47065764   0.00000251
  19   0.95199414   1.23053236   0.99998987
  19   0.95199414   2.43327331   1.99996376
  19   0.95199414   2.44938255   0.99998116
  19   0.95199414   6.58283154   1.00000048
  19   0.95199414   9.30125911   1.99982548
  19   0.95199414  10.28002465   0.00358312
  20   1.00209910 -13.95574855   0.99999493
  20   1.00209910  -9.57661503   0.00000711
  20   1.00209910  -3.71679333   0.00001863
  20   1.00209910  -0.14561632   2.99981356
  20   1.00209910   0.37597124   0.00000620
  20   1.00209910   1.09159421   0.99999386
  20   1.00209910   2.40686912   2.99994612
  20   1.00209910   6.53453471   0.99999905
  20   1.00209910   9.38861706   1.99974573
  20   1.00209910  10.36622990   0.00842569
  21   1.00209910 -13.95574855   0.99999493
  21   1.00209910  -9.57661503   0.00000711
  21   1.00209910  -3.71679333   0.00001863
  21   1.00209910  -0.14561632   2.99981356
  21   1.00209910   0.37597124   0.00000620
  21   1.00209910   1.09159421   0.99999386
  21   1.00209910   2.40686912   2.99994612
  21   1.00209910   6.53453471   0.99999905
  21   1.00209910   9.38861706   1.99974573
  21   1.00209910  10.36622990   0.00842569
  22   1.05995531 -13.94434182   0.99999523
  22   1.05995531  -9.98346137   0.00000036
  22   1.05995531  -9.57324127   0.00000585
  22   1.05995531  -9.15429514   0.00000034
  22   1.05995531  -3.74919374   0.00003259
  22   1.05995531  -3.70431881   0.00000401
  22   1.05995531  -0.34590335   0.99993402
  22   1.05995531  -0.21089451   1.99990237
  22   1.05995531   0.28509180   0.00000052
  22   1.05995531   0.44014788   0.00000493
  22   1.05995531   0.49665861   0.00000048
  22   1.05995531   1.28757705   0.99998438
  22   1.05995531   2.36797361   0.99998033
  22   1.05995531   2.48626957   1.99996257
  22   1.05995531   6.59867358   0.99999881
  22   1.05995531   9.15968490   0.99995196
  22   1.05995531   9.39948672   0.99992776
  22   1.05995531  10.25123916   0.00353819
  23   1.11781153 -13.91009262   0.99999750
  23   1.11781153 -10.37404587   0.00000037
  23   1.11781153  -9.56373301   0.00000705
  23   1.11781153  -8.71784306   0.00000033
  23   1.11781153  -3.84064588   0.00003691
  23   1.11781153  -3.66807875   0.00000405
  23   1.11781153  -0.76742388   0.99997318
  23   1.11781153  -0.38595480   1.99991047
  23   1.11781153   0.22331655   0.00000054
  23   1.11781153   0.62558747   0.00000661
  23   1.11781153   0.64733839   0.00000046
  23   1.11781153   1.69175663   0.99997735
  23   1.11781153   2.25776955   0.99998438
  23   1.11781153   2.70301420   1.99995780
  23   1.11781153   6.78359917   0.99999774
  23   1.11781153   8.67850775   0.99998653
  23   1.11781153   9.43244712   0.99937719
  23   1.11781153   9.92191758   0.00005091
  24   1.17566775 -13.85302485   0.99999982
  24   1.17566775 -10.74743687   0.00000037
  24   1.17566775  -9.54867893   0.00000757
  24   1.17566775  -8.26732039   0.00000033
  24   1.17566775  -3.97251486   0.00003673
  24   1.17566775  -3.60773126   0.00000411
  24   1.17566775  -1.25274664   0.99998015
  24   1.17566775  -0.62941130   1.99991417
  24   1.17566775   0.19020485   0.00000057
  24   1.17566775   0.82856229   0.00000045
  24   1.17566775   0.91575034   0.00000772
  24   1.17566775   2.09500186   0.99999154
  24   1.17566775   2.14301815   0.99997401
  24   1.17566775   3.01651664   1.99994946
  24   1.17566775   7.07183783   0.99999768
  24   1.17566775   8.14411060   0.99999297
  24   1.17566775   9.40496494   0.05032802
  24   1.17566775   9.41845170   0.03526042
  25   1.23352397 -13.77325046   1.00000095
  25   1.23352397 -11.10287471   0.00000025
  25   1.23352397  -9.52944397   0.00000690
  25   1.23352397  -7.80584121   0.00000053
  25   1.23352397  -4.12638581   0.00002897
  25   1.23352397  -3.52352488   0.00002005
  25   1.23352397  -1.76079767   0.99999464
  25   1.23352397  -0.90781722   1.99992561
  25   1.23352397   0.18514793   0.00000053
  25   1.23352397   1.03950467   0.00000013
  25   1.23352397   1.29090740   0.00001187
  25   1.23352397   1.89804297   0.99999475
  25   1.23352397   2.58124864   0.99999565
  25   1.23352397   3.39104458   1.99995804
  25   1.23352397   7.44269688   0.99999726
  25   1.23352397   7.63370208   0.99998856
  25   1.23352397   8.76584618   0.00003251
  25   1.23352397   8.76823792   0.00012704
  26   1.29138019 -13.67081058   0.99999624
  26   1.29138019 -11.43961014   0.00000025
  26   1.29138019  -9.50767172   0.00000739
  26   1.29138019  -7.33363508   0.00000052
  26   1.29138019  -4.28357531   0.00003124
  26   1.29138019  -3.41568090   0.00001978
  26   1.29138019  -2.27708531   0.99998420
  26   1.29138019  -1.19935066   1.99992621
  26   1.29138019   0.20750177   0.00000055
  26   1.29138019   1.27989770   0.00000013
  26   1.29138019   1.68490536   0.99999106
  26   1.29138019   1.73418015   0.00001528
  26   1.29138019   2.96498531   0.99997520
  26   1.29138019   3.80577489   1.99994326
  26   1.29138019   7.20334803   0.99998415
  26   1.29138019   7.87891459   0.99600375
  26   1.29138019   8.07806371   0.00001116
  26   1.29138019   8.07825101   0.00000923
  27   1.34923641 -13.54564138   0.99999750
  27   1.34923641 -11.75694657   0.00000025
  27   1.34923641  -9.48503404   0.00000810
  27   1.34923641  -6.85189581   0.00000050
  27   1.34923641  -4.42896839   0.00003039
  27   1.34923641  -3.28442324   0.00001949
  27   1.34923641  -2.79475576   0.99998641
  27   1.34923641  -1.49000117   1.99992490
  27   1.34923641   0.25656118   0.00000057
  27   1.34923641   1.46847316   0.99999583
  27   1.34923641   1.54833188   0.00000014
  27   1.34923641   2.23258951   0.00001878
  27   1.34923641   3.24356882   0.99997199
  27   1.34923641   4.24749921   1.99992979
  27   1.34923641   6.90926342   0.99990451
  27   1.34923641   7.37260033   0.00002345
  27   1.34923641   7.37277654   0.00002421
  28   1.40709262 -13.39821186   0.99999511
  28   1.40709262 -12.05476037   0.00000094
  28   1.40709262  -9.46450837   0.00000776
  28   1.40709262  -6.36240109   0.00000140
  28   1.40709262  -4.55256130   0.00002489
  28   1.40709262  -3.31262841   0.99998814
  28   1.40709262  -3.13045733   0.00001920
  28   1.40709262  -1.77322545   1.99992633
  28   1.40709262   0.33143892   0.00000084
  28   1.40709262   1.25618039   0.99999309
  28   1.40709262   1.84166548   0.00000145
  28   1.40709262   2.77614936   0.00001945
  28   1.40709262   3.36120387   0.99997365
  28   1.40709262   4.70667692   1.99992490
  28   1.40709262   6.66478996   0.00001359
  28   1.40709262   6.66690653   0.01360252
  29   1.46494884 -13.22850881   0.99999654
  29   1.46494884 -12.33187891   0.00000096
  29   1.46494884  -9.44784093   0.00000731
  29   1.46494884  -5.86557163   0.00000158
  29   1.46494884  -4.64602801   0.00002453
  29   1.46494884  -3.82929066   0.99998832
  29   1.46494884  -2.95423378   0.00001891
  29   1.46494884  -2.04414545   1.99992669
  29   1.46494884   0.43138168   0.00000090
  29   1.46494884   1.05496229   0.99999797
  29   1.46494884   2.15568639   0.00000192
  29   1.46494884   3.29707571   0.99998140
  29   1.46494884   3.35790964   0.00001970
  29   1.46494884   5.17842779   1.99992275
  29   1.46494884   5.96537712   0.00002097
  30   1.52280506 -13.03676443   0.99999768
  30   1.52280506 -12.58815744   0.00000099
  30   1.52280506  -9.43710821   0.00000715
  30   1.52280506  -5.36271541   0.00000180
  30   1.52280506  -4.70514613   0.00002648
  30   1.52280506  -4.34375262   0.99998575
  30   1.52280506  -2.75555486   0.00001864
  30   1.52280506  -2.29956378   1.99992669
  30   1.52280506   0.55530116   0.00000099
  30   1.52280506   0.86918502   0.99999487
  30   1.52280506   2.48118772   0.00000256
  30   1.52280506   3.09007144   0.99998140
  30   1.52280506   3.97142760   0.00002144
  30   1.52280506   5.28031058   0.00002530
  30   1.52280506   5.65898431   1.99991512
  31   1.58066128 -12.82320626   0.99999917
  31   1.58066128  -9.43334890   0.00000679
  31   1.58066128  -4.85518684   1.00000107
  31   1.58066128  -4.72495844   0.00001661
  31   1.58066128  -2.53723905   1.99994576
  31   1.58066128   0.70197099   0.99999636
  31   1.58066128   2.80218185   0.99999946
  31   1.58066128   4.58651484   0.00000449
  31   1.58066128   4.64148261   0.00001739
  31   1.58066128   6.14562808   0.90992898
  32   1.63851750 -13.03676443   0.00000102
  32   1.63851750 -12.58815744   0.99999809
  32   1.63851750  -9.43710821   0.00000689
  32   1.63851750  -5.36271541   0.99998963
  32   1.63851750  -4.70514613   0.00002642
  32   1.63851750  -4.34375262   0.00000240
  32   1.63851750  -2.75555486   1.99992800
  32   1.63851750  -2.29956378   0.00001810
  32   1.63851750   0.55530116   0.99999648
  32   1.63851750   0.86918502   0.00000126
  32   1.63851750   2.48118772   0.99998832
  32   1.63851750   3.09007144   0.00000462
  32   1.63851750   3.97142760   0.00002334
  32   1.63851750   5.28031088   0.00002560
  32   1.63851750   5.65898780   0.00002039
  33   1.69637372 -13.22850881   0.00000104
  33   1.69637372 -12.33187891   0.99999720
  33   1.69637372  -9.44784093   0.00000694
  33   1.69637372  -5.86557163   0.99998707
  33   1.69637372  -4.64602801   0.00003148
  33   1.69637372  -3.82929066   0.00000281
  33   1.69637372  -2.95423378   1.99992847
  33   1.69637372  -2.04414545   0.00001786
  33   1.69637372   0.43138168   0.99999571
  33   1.69637372   1.05496229   0.00000146
  33   1.69637372   2.15568639   0.99998921
  33   1.69637372   3.29707571   0.00000613
  33   1.69637372   3.35790964   0.00002957
  33   1.69637372   5.17842814   0.00001181
  33   1.69637372   5.96539594   0.00008327
  34   1.75422993 -13.39821186   0.00000065
  34   1.75422993 -12.05476037   0.99999481
  34   1.75422993  -9.46450837   0.00000686
  34   1.75422993  -6.36240109   0.99998891
  34   1.75422993  -4.55256130   0.00002657
  34   1.75422993  -3.31262841   0.00000784
  34   1.75422993  -3.13045733   1.99992692
  34   1.75422993  -1.77322545   0.00001765
  34   1.75422993   0.33143892   0.99999642
  34   1.75422993   1.25618039   0.00000127
  34   1.75422993   1.84166548   0.99999112
  34   1.75422993   2.77614936   0.00002152
  34   1.75422993   3.36120387   0.00000909
  34   1.75422993   4.70667692   0.00000899
  34   1.75422993   6.66479789   0.00004219
  34   1.75422993   6.67541387   0.00028078
  35   1.81208615 -13.54564138   0.00000026
  35   1.81208615 -11.75694657   0.99999797
  35   1.81208615  -9.48503404   0.00000651
  35   1.81208615  -6.85189581   0.99998796
  35   1.81208615  -4.42896839   0.00002096
  35   1.81208615  -3.28442324   1.99993086
  35   1.81208615  -2.79475576   0.00000600
  35   1.81208615  -1.49000117   0.00001750
  35   1.81208615   0.25656118   0.99999774
  35   1.81208615   1.46847316   0.00000088
  35   1.81208615   1.54833188   0.99999392
  35   1.81208615   2.23258951   0.00001370
  35   1.81208615   3.24356882   0.00000401
  35   1.81208615   4.24749922   0.00000650
  35   1.81208615   6.90925889   0.00000821
  35   1.81208615   7.37263630   0.00021854
  36   1.86994237 -13.67081058   0.00000124
  36   1.86994237 -11.43961014   0.99999809
  36   1.86994237  -9.50767172   0.00001560
  36   1.86994237  -7.33363508   0.99998987
  36   1.86994237  -4.28357531   0.00004582
  36   1.86994237  -3.41568090   1.99996424
  36   1.86994237  -2.27708531   0.00000060
  36   1.86994237  -1.19935066   0.00003795
  36   1.86994237   0.20750177   0.99999571
  36   1.86994237   1.27989770   0.99999428
  36   1.86994237   1.68490536   0.00000226
  36   1.86994237   1.73418015   0.00002430
  36   1.86994237   2.96498531   0.00000314
  36   1.86994237   3.80577489   0.00003505
  36   1.86994237   7.20334825   0.00000154
  36   1.86994237   7.87909341   0.00001202
  36   1.86994237   8.07803119   0.00003901
  36   1.86994237   8.07814539   0.00025000
  37   1.92779859 -13.77325046   0.00000121
  37   1.92779859 -11.10287471   0.99999744
  37   1.92779859  -9.52944397   0.00001622
  37   1.92779859  -7.80584121   0.99998868
  37   1.92779859  -4.12638581   0.00003655
  37   1.92779859  -3.52352488   1.99996448
  37   1.92779859  -1.76079767   0.00000560
  37   1.92779859  -0.90781722   0.00004087
  37   1.92779859   0.18514793   0.99999750
  37   1.92779859   1.03950467   0.99999547
  37   1.92779859   1.29090740   0.00001807
  37   1.92779859   1.89804297   0.00000250
  37   1.92779859   2.58124864   0.00000465
  37   1.92779859   3.39104458   0.00003182
  37   1.92779859   7.44269647   0.00000115
  37   1.92779859   7.63370223   0.00000978
  37   1.92779859   8.76706368   0.00518350
  37   1.92779859   8.77183192   0.02040653
  38   1.98565481 -13.85302485   0.00000062
  38   1.98565481 -10.74743687   0.99998987
  38   1.98565481  -9.54867893   0.00001951
  38   1.98565481  -8.26732039   0.99998611
  38   1.98565481  -3.97251486   0.00007433
  38   1.98565481  -3.60773126   1.99994588
  38   1.98565481  -1.25274664   0.00000004
  38   1.98565481  -0.62941130   0.00001807
  38   1.98565481   0.19020485   0.99999434
  38   1.98565481   0.82856229   0.99999118
  38   1.98565481   0.91575034   0.00002076
  38   1.98565481   2.09500186   0.00000109
  38   1.98565481   2.14301815   0.00000168
  38   1.98565481   3.01651664   0.00001602
  38   1.98565481   7.07183783   0.00000037
  38   1.98565481   8.14411134   0.00000012
  38   1.98565481   9.39944634   0.00923548
  38   1.98565481   9.44676621   0.01286300
  39   2.04351103 -13.91009262   0.00000060
  39   2.04351103 -10.37404587   0.99999118
  39   2.04351103  -9.56373301   0.00002025
  39   2.04351103  -8.71784306   0.99998325
  39   2.04351103  -3.84064588   0.00007693
  39   2.04351103  -3.66807875   1.99994385
  39   2.04351103  -0.76742388   0.00000001
  39   2.04351103  -0.38595480   0.00002117
  39   2.04351103   0.22331655   0.99999499
  39   2.04351103   0.62558747   0.00001800
  39   2.04351103   0.64733839   0.99998927
  39   2.04351103   1.69175663   0.00000154
  39   2.04351103   2.25776955   0.00000120
  39   2.04351103   2.70301420   0.00001330
  39   2.04351103   6.78359917   0.00000023
  39   2.04351103   8.67850686   0.00000177
  39   2.04351103   9.43268770   0.00066967
  39   2.04351103   9.91908918   0.02965306
  40   2.10136724 -13.94434182   0.00000059
  40   2.10136724  -9.98346137   0.99999374
  40   2.10136724  -9.57324127   0.00002050
  40   2.10136724  -9.15429514   0.99998271
  40   2.10136724  -3.74919374   0.00007728
  40   2.10136724  -3.70431881   1.99994743
  40   2.10136724  -0.34590335   0.00000001
  40   2.10136724  -0.21089451   0.00002499
  40   2.10136724   0.28509180   0.99999303
  40   2.10136724   0.44014788   0.00001519
  40   2.10136724   0.49665861   0.99998975
  40   2.10136724   1.28757705   0.00000136
  40   2.10136724   2.36797361   0.00000129
  40   2.10136724   2.48626957   0.00001009
  40   2.10136724   6.59867358   0.00000011
  40   2.10136724   9.15969060   0.00000721
  40   2.10136724   9.39954419   0.00004582
  40   2.10136724  10.24677192   0.61720604
  41   2.15922346 -13.95574855   0.00000057
  41   2.15922346  -9.57661503   1.99998331
  41   2.15922346  -3.71679333   1.99998689
  41   2.15922346  -0.14561632   0.00002900
  41   2.15922346   0.37597124   1.99999547
  41   2.15922346   1.09159421   0.00000101
  41   2.15922346   2.40686912   0.00000836
  41   2.15922346   6.53453471   0.00000002
  41   2.15922346   9.38861706   0.00006878
  41   2.15922346  10.36622990   0.15461062
  42   2.15922346 -13.95574855   0.00000057
  42   2.15922346  -9.57661503   1.99998331
  42   2.15922346  -3.71679333   1.99998689
  42   2.15922346  -0.14561632   0.00002900
  42   2.15922346   0.37597124   1.99999547
  42   2.15922346   1.09159421   0.00000101
  42   2.15922346   2.40686912   0.00000836
  42   2.15922346   6.53453471   0.00000002
  42   2.15922346   9.38861706   0.00006878
  42   2.15922346  10.36622990   0.15461062
  43   2.24104451 -13.93292942   0.00000087
  43   2.24104451  -9.97875097   0.00001699
  43   2.24104451  -9.58975265   0.99998730
  43   2.24104451  -9.55054029   0.99998969
  43   2.24104451  -9.15270159   0.00000516
  43   2.24104451  -3.86142195   0.99997735
  43   2.24104451  -3.74048362   0.00002697
  43   2.24104451  -3.73337434   0.00002525
  43   2.24104451  -3.69592661   0.99995553
  43   2.24104451  -0.58656138   0.00001643
  43   2.24104451  -0.27582616   0.00000112
  43   2.24104451  -0.16138951   0.00001949
  43   2.24104451   0.35135832   0.00001168
  43   2.24104451   0.39617637   0.99999207
  43   2.24104451   0.55848840   0.00000679
  43   2.24104451   0.60535814   0.99999189
  43   2.24104451   1.39299386   0.00000472
  43   2.24104451   2.43218304   0.00000373
  43   2.24104451   2.46285392   0.00000574
  43   2.24104451   2.58128202   0.00000283
  43   2.24104451   6.66186493   0.00000036
  43   2.24104451   9.08397623   0.00001437
  43   2.24104451   9.27849350   0.00002251
  43   2.24104451  10.12750620   0.43009016
  44   2.32286556 -13.86453598   0.00000059
  44   2.32286556 -10.35079567   0.00000704
  44   2.32286556  -9.63304955   0.99998724
  44   2.32286556  -9.47258552   0.99998689
  44   2.32286556  -8.71968699   0.00000409
  44   2.32286556  -4.20881368   0.99995887
  44   2.32286556  -3.81656098   0.00003755
  44   2.32286556  -3.76237360   0.00003497
  44   2.32286556  -3.63374139   0.99995410
  44   2.32286556  -1.36760735   0.00000700
  44   2.32286556  -0.62253317   0.00000015
  44   2.32286556  -0.21040158   0.00001507
  44   2.32286556   0.45635362   0.99999344
  44   2.32286556   0.48801183   0.00000918
  44   2.32286556   0.87992100   0.00000507
  44   2.32286556   1.21019565   0.99998701
  44   2.32286556   1.71332656   0.00000115
  44   2.32286556   2.50798698   0.00000391
  44   2.32286556   2.60676831   0.00000282
  44   2.32286556   3.13363669   0.00001000
  44   2.32286556   7.01845185   0.00000069
  44   2.32286556   8.55446154   0.00000894
  44   2.32286556   9.00516543   0.00005133
  44   2.32286556   9.21186489   0.00476674
  45   2.40468661 -13.75098516   0.00000050
  45   2.40468661 -10.68688532   0.00000272
  45   2.40468661  -9.71694850   0.99998927
  45   2.40468661  -9.34243841   0.99998802
  45   2.40468661  -8.29651702   0.00001888
  45   2.40468661  -4.61221955   0.99999040
  45   2.40468661  -3.93581531   0.00003054
  45   2.40468661  -3.76446461   0.00003267
  45   2.40468661  -3.53101301   0.99997854
  45   2.40468661  -2.19071203   0.00001115
  45   2.40468661  -1.10262263   0.00000315
  45   2.40468661  -0.29520524   0.00001347
  45   2.40468661   0.55577236   0.99999261
  45   2.40468661   0.77225771   0.00000580
  45   2.40468661   1.31532019   0.00001689
  45   2.40468661   1.88925885   0.00000114
  45   2.40468661   2.05179847   0.99999487
  45   2.40468661   2.63370665   0.00000131
  45   2.40468661   2.80603935   0.00000367
  45   2.40468661   3.89257496   0.00000985
  45   2.40468661   7.54219637   0.00000269
  45   2.40468661   8.05475686   0.00001130
  45   2.40468661   8.11215233   0.00010208
  46   2.48650766 -13.59296068   0.00000000
  46   2.48650766 -10.98308389   0.00000315
  46   2.48650766  -9.85605538   0.99999154
  46   2.48650766  -9.16052002   0.99998808
  46   2.48650766  -7.90618785   0.00000346
  46   2.48650766  -4.96782351   0.99998647
  46   2.48650766  -4.07970581   0.00003128
  46   2.48650766  -3.70035807   0.00002757
  46   2.48650766  -3.38840380   0.99998593
  46   2.48650766  -2.99962848   0.00000000
  46   2.48650766  -1.64808383   0.00000000
  46   2.48650766  -0.41995742   0.00000000
  46   2.48650766   0.69274883   0.99999291
  46   2.48650766   1.18041783   0.00001053
  46   2.48650766   1.84178228   0.00000757
  46   2.48650766   2.02050514   0.00000000
  46   2.48650766   2.80990473   0.00000000
  46   2.48650766   3.03936192   0.99998957
  46   2.48650766   3.04573194   0.00000000
  46   2.48650766   4.61353494   0.00000000
  46   2.48650766   6.96746250   0.00001222
  46   2.48650766   7.64182749   0.00000727
  46   2.48650766   8.15879294   0.00130392
  47   2.56832871 -13.39142536   0.00000038
  47   2.56832871 -11.23685133   0.00000311
  47   2.56832871 -10.06237299   0.99999404
  47   2.56832871  -8.92661326   0.99998599
  47   2.56832871  -7.57561559   0.00000495
  47   2.56832871  -5.21834890   0.99998510
  47   2.56832871  -4.22896237   0.00002888
  47   2.56832871  -3.77432383   0.00000042
  47   2.56832871  -3.53692040   0.00002546
  47   2.56832871  -3.20963284   0.99997836
  47   2.56832871  -2.21375326   0.00000030
  47   2.56832871  -0.58497316   0.00000219
  47   2.56832871   0.86478513   0.99999225
  47   2.56832871   1.68825189   0.00001237
  47   2.56832871   2.13796738   0.00000008
  47   2.56832871   2.43787994   0.00000913
  47   2.56832871   3.03625113   0.00000003
  47   2.56832871   3.32449733   0.00000043
  47   2.56832871   4.12353320   0.99998856
  47   2.56832871   5.10488199   0.00000479
  47   2.56832871   5.84411299   0.00001635
  47   2.56832871   7.33796948   0.00000711
  47   2.56832871   7.77318798   0.99976730
  48   2.56832871 -13.39142536   0.00000119
  48   2.56832871 -11.23685133   0.00000256
  48   2.56832871 -10.06237299   0.99999183
  48   2.56832871  -8.92661326   0.99998462
  48   2.56832871  -7.57561559   0.00000725
  48   2.56832871  -5.21834890   0.99998111
  48   2.56832871  -4.22896237   0.00003897
  48   2.56832871  -3.77432383   0.00000460
  48   2.56832871  -3.53692040   0.00002685
  48   2.56832871  -3.20963284   0.99997640
  48   2.56832871  -2.21375326   0.00002957
  48   2.56832871  -0.58497316   0.00000045
  48   2.56832871   0.86478513   0.99998689
  48   2.56832871   1.68825189   0.00001022
  48   2.56832871   2.13796738   0.00000768
  48   2.56832871   2.43787994   0.00000620
  48   2.56832871   3.03625113   0.00000292
  48   2.56832871   3.32449733   0.00002689
  48   2.56832871   4.12353320   0.99998724
  48   2.56832871   5.10488199   0.00000353
  48   2.56832871   5.84411288   0.00002144
  48   2.56832871   7.33801861   0.00013022
  48   2.56832871   7.80736960   0.99917459
  49   2.62969449 -13.21284651   0.00000132
  49   2.62969449 -11.39816192   0.00000208
  49   2.62969449 -10.26331790   0.99999315
  49   2.62969449  -8.71711993   0.99998736
  49   2.62969449  -7.37844420   0.00000857
  49   2.62969449  -5.32253756   0.99997830
  49   2.62969449  -4.33452730   0.00003158
  49   2.62969449  -4.32962479   0.00000509
  49   2.62969449  -3.33700274   0.00001635
  49   2.62969449  -3.05383605   0.99998653
  49   2.62969449  -2.63608021   0.00002121
  49   2.62969449  -0.73735083   0.00000418
  49   2.62969449   1.01444831   0.99998927
  49   2.62969449   2.12226754   0.00000841
  49   2.62969449   2.21317286   0.00000620
  49   2.62969449   2.91513340   0.00000496
  49   2.62969449   3.23658468   0.00000288
  49   2.62969449   3.56040496   0.00001435
  49   2.62969449   4.98057568   0.99998772
  49   2.62969449   5.04508148   0.00001385
  49   2.62969449   5.26547338   0.00000867
  49   2.62969449   7.18858915   0.03095849
  49   2.62969449   7.35251770   0.99544501
  50   2.69106028 -13.01168497   0.00000098
  50   2.69106028 -11.53416552   0.00000240
  50   2.69106028 -10.49892686   0.99999499
  50   2.69106028  -8.47798747   0.99998564
  50   2.69106028  -7.22783801   0.00001018
  50   2.69106028  -5.34982052   0.99997687
  50   2.69106028  -4.85987011   0.00000509
  50   2.69106028  -4.42964537   0.00003256
  50   2.69106028  -3.07529754   0.00001764
  50   2.69106028  -3.04595885   0.00001974
  50   2.69106028  -2.87917314   0.99998683
  50   2.69106028  -0.91013936   0.00000204
  50   2.69106028   1.17936652   0.99998766
  50   2.69106028   2.26938123   0.00000649
  50   2.69106028   2.59286581   0.00001234
  50   2.69106028   3.37541600   0.00000898
  50   2.69106028   3.46529053   0.00000299
  50   2.69106028   3.82107827   0.00001484
  50   2.69106028   4.33122929   0.00001480
  50   2.69106028   5.29768930   0.00000398
  50   2.69106028   5.86196788   0.99998385
  50   2.69106028   6.81673792   0.99624658
  50   2.69106028   7.00908018   0.88041949
  51   2.75242606 -12.78915870   0.00000067
  51   2.75242606 -11.64414485   0.00000303
  51   2.75242606 -10.76216124   0.99999499
  51   2.75242606  -8.20999747   0.99998885
  51   2.75242606  -7.11985461   0.00001185
  51   2.75242606  -5.36414573   0.00000526
  51   2.75242606  -5.30568062   0.99997109
  51   2.75242606  -4.50963456   0.00003528
  51   2.75242606  -3.43803414   0.00001844
  51   2.75242606  -2.76480997   0.00002256
  51   2.75242606  -2.68937354   0.99999434
  51   2.75242606  -1.10187375   0.00000048
  51   2.75242606   1.35593891   0.99998873
  51   2.75242606   2.29457236   0.00000673
  51   2.75242606   3.09413454   0.00001955
  51   2.75242606   3.38536374   0.00001398
  51   2.75242606   3.72087767   0.00000311
  51   2.75242606   4.10710357   0.00001520
  51   2.75242606   4.14568424   0.00001953
  51   2.75242606   5.28095407   0.00000136
  51   2.75242606   6.36197953   0.99967134
  51   2.75242606   6.61063890   0.99921274
  51   2.75242606   6.69562856   0.98929703
  52   2.81379185 -12.54688522   0.00000107
  52   2.81379185 -11.72797513   0.00000311
  52   2.81379185 -11.04400732   0.99999511
  52   2.81379185  -7.91248874   0.99998814
  52   2.81379185  -7.04780116   0.00001316
  52   2.81379185  -5.84153345   0.00000573
  52   2.81379185  -5.19594320   0.99996972
  52   2.81379185  -4.57256350   0.00003418
  52   2.81379185  -3.80741351   0.00001776
  52   2.81379185  -2.48610254   0.99999285
  52   2.81379185  -2.43744702   0.00001959
  52   2.81379185  -1.30882013   0.00000154
  52   2.81379185   1.53962329   0.99998945
  52   2.81379185   2.27761379   0.00000682
  52   2.81379185   2.84530377   0.00001490
  52   2.81379185   3.61847507   0.00002064
  52   2.81379185   4.00290730   0.00000324
  52   2.81379185   4.41896239   0.00001564
  52   2.81379185   4.59807041   0.00001890
  52   2.81379185   5.27829523   0.00000275
  52   2.81379185   5.92847046   0.99997163
  52   2.81379185   6.26232428   0.99977535
  52   2.81379185   6.50763534   0.99265087
  53   2.87515764 -12.28699107   0.00000050
  53   2.87515764 -11.78564232   0.00000171
  53   2.87515764 -11.33557652   0.99999833
  53   2.87515764  -7.58630590   0.99998546
  53   2.87515764  -7.00417866   0.00000930
  53   2.87515764  -6.29136014   0.00000135
  53   2.87515764  -5.02991131   0.99997073
  53   2.87515764  -4.61697720   0.00002352
  53   2.87515764  -4.14910279   0.00000429
  53   2.87515764  -2.27216987   0.99997890
  53   2.87515764  -2.14071187   0.00001041
  53   2.87515764  -1.52659233   0.00000134
  53   2.87515764   1.72376449   0.99998593
  53   2.87515764   2.21251721   0.00000216
  53   2.87515764   2.36611983   0.00001228
  53   2.87515764   4.15559384   0.00001295
  53   2.87515764   4.31088716   0.00000272
  53   2.87515764   4.75693770   0.00000258
  53   2.87515764   5.08632977   0.00001090
  53   2.87515764   5.32665759   0.00000182
  53   2.87515764   5.51635201   0.99997604
  53   2.87515764   5.95683702   0.99356914
  53   2.87515764   6.08185088   0.62452137
  54   2.93652342 -12.01222097   0.00000054
  54   2.93652342 -11.81662721   0.00000183
  54   2.93652342 -11.62918468   0.99999797
  54   2.93652342  -7.23129420   0.99998784
  54   2.93652342  -6.98253709   0.00000984
  54   2.93652342  -6.71314895   0.00000140
  54   2.93652342  -4.81403161   0.99997181
  54   2.93652342  -4.64072927   0.00002228
  54   2.93652342  -4.45886137   0.00000439
  54   2.93652342  -2.05108316   0.99999028
  54   2.93652342  -1.94294610   0.00001088
  54   2.93652342  -1.75057566   0.00000117
  54   2.93652342   1.89971343   0.99998635
  54   2.93652342   2.06787272   0.00001166
  54   2.93652342   2.10166384   0.00000214
  54   2.93652342   4.64423650   0.00000324
  54   2.93652342   4.67589262   0.00001211
  54   2.93652342   5.12097432   0.00001042
  54   2.93652342   5.12697217   0.99998951
  54   2.93652342   5.44113901   0.00005433
  54   2.93652342   5.46382539   0.00005313
  54   2.93652342   5.46415648   0.00165228
  54   2.93652342   5.58321188   0.00566299
  54   2.93652342   5.58614223   0.05136213
  55   2.99788921 -11.91792438   0.99999750
  55   2.99788921 -11.82105628   0.00000183
  55   2.99788921 -11.72622671   0.00000060
  55   2.99788921  -7.10653109   0.00000146
  55   2.99788921  -6.97956407   0.00001025
  55   2.99788921  -6.84744877   0.99998939
  55   2.99788921  -4.73200443   0.00000453
  55   2.99788921  -4.64418234   0.00002210
  55   2.99788921  -4.55422264   0.99996918
  55   2.99788921  -1.97623451   0.00000104
  55   2.99788921  -1.91170258   0.00001152
  55   2.99788921  -1.82582585   0.99998999
  55   2.99788921   1.95461192   0.00000210
  55   2.99788921   2.02227876   0.00001049
  55   2.99788921   2.05606739   0.99998653
  55   2.99788921   4.76087783   0.99998981
  55   2.99788921   4.81625867   0.00001047
  55   2.99788921   5.00227612   0.00000307
  55   2.99788921   5.24808023   0.99988717
  55   2.99788921   5.44206074   0.00001211
  55   2.99788921   5.44339714   0.00008631
  55   2.99788921   5.49448706   0.99539763
  55   2.99788921   5.51488651   0.00035776
  55   2.99788921   5.53137295   0.00001182
  56   3.05925500 -12.19689364   0.99999684
  56   3.05925500 -11.79891814   0.00000327
  56   3.05925500 -11.43351966   0.00000034
  56   3.05925500  -7.47113972   0.00000150
  56   3.05925500  -6.99473490   0.00001094
  56   3.05925500  -6.43508851   0.99998760
  56   3.05925500  -4.96310454   0.00000293
  56   3.05925500  -4.62724610   0.00002427
  56   3.05925500  -4.25612401   0.99996698
  56   3.05925500  -2.19901999   0.00000047
  56   3.05925500  -2.05985004   0.00001677
  56   3.05925500  -1.60079187   0.99997920
  56   3.05925500   1.78381177   0.00000201
  56   3.05925500   2.18029079   0.99998468
  56   3.05925500   2.24242378   0.00000980
  56   3.05925500   4.33433689   0.00001304
  56   3.05925500   4.41921580   0.99998450
  56   3.05925500   4.87539562   0.99995780
  56   3.05925500   5.23262888   0.00001378
  56   3.05925500   5.35724780   0.99991673
  56   3.05925500   5.38401121   0.00001196
  56   3.05925500   5.86828207   0.00000645
  56   3.05925500   5.92493835   0.00000474
  57   3.12062078 -12.46209343   0.99999619
  57   3.12062078 -11.75011800   0.00000367
  57   3.12062078 -11.14053351   0.00000144
  57   3.12062078  -7.80698577   0.00000401
  57   3.12062078  -7.03040689   0.00001211
  57   3.12062078  -5.99456546   0.99999028
  57   3.12062078  -5.14659181   0.00001279
  57   3.12062078  -4.58940639   0.00003399
  57   3.12062078  -3.92458259   0.99996531
  57   3.12062078  -2.41583499   0.00000244
  57   3.12062078  -2.33206358   0.00000656
  57   3.12062078  -1.38043362   0.99999028
  57   3.12062078   1.60132877   0.00000490
  57   3.12062078   2.26132812   0.99998546
  57   3.12062078   2.67099822   0.00001159
  57   3.12062078   3.79676961   0.00001291
  57   3.12062078   4.10271259   0.99998707
  57   3.12062078   4.52872107   0.99995732
  57   3.12062078   4.76468483   0.00000695
  57   3.12062078   5.28763228   0.99997044
  57   3.12062078   5.78881183   0.00001045
  57   3.12062078   6.16589884   0.00004656
  57   3.12062078   6.43109459   0.00006463
  58   3.18198657 -12.71049745   0.99999732
  58   3.18198657 -11.67500636   0.00000313
  58   3.18198657 -10.85449694   0.00000167
  58   3.18198657  -8.11419224   0.00000409
  58   3.18198657  -7.09224078   0.00001908
  58   3.18198657  -5.52630035   0.99998641
  58   3.18198657  -5.27621041   0.00001041
  58   3.18198657  -4.53261716   0.00003257
  58   3.18198657  -3.56386218   0.99996591
  58   3.18198657  -2.65571048   0.00002218
  58   3.18198657  -2.62300025   0.00000384
  58   3.18198657  -1.16937497   0.99997681
  58   3.18198657   1.41663911   0.00000463
  58   3.18198657   2.29404990   0.99998373
  58   3.18198657   3.21427250   0.00001129
  58   3.18198657   3.26672549   0.00001145
  58   3.18198657   3.81197541   0.99998695
  58   3.18198657   4.20817524   0.99995679
  58   3.18198657   4.27715404   0.00001258
  58   3.18198657   5.27616370   0.99997580
  58   3.18198657   6.21544639   0.00022603
  58   3.18198657   6.49216767   0.00060116
  58   3.18198657   6.77056761   0.01472867
  59   3.24335236 -12.93981466   0.99999785
  59   3.24335236 -11.57371803   0.00000374
  59   3.24335236 -10.58403478   0.00000162
  59   3.24335236  -8.39190029   0.00000401
  59   3.24335236  -7.18739511   0.00001502
  59   3.24335236  -5.34275238   0.00000905
  59   3.24335236  -5.03089950   0.99998719
  59   3.24335236  -4.45809458   0.00003290
  59   3.24335236  -3.17889918   0.99996084
  59   3.24335236  -2.97616525   0.00001859
  59   3.24335236  -2.81754603   0.00000198
  59   3.24335236  -0.97211206   0.99997878
  59   3.24335236   1.23712087   0.00000438
  59   3.24335236   2.28182625   0.99998373
  59   3.24335236   2.75687595   0.00001047
  59   3.24335236   3.48355369   0.00001426
  59   3.24335236   3.54751914   0.99998623
  59   3.24335236   3.91357176   0.99995697
  59   3.24335236   4.15543374   0.00000580
  59   3.24335236   5.29389282   0.99997663
  59   3.24335236   6.15589338   0.00000349
  59   3.24335236   6.66142553   0.00001934
  59   3.24335236   6.86170477   0.00053420
  60   3.30471814 -13.14824079   0.99999762
  60   3.30471814 -11.44644780   0.00000399
  60   3.30471814 -10.33827094   0.00000180
  60   3.30471814  -8.64077253   0.00000395
  60   3.30471814  -7.32328667   0.00001476
  60   3.30471814  -5.33990800   0.00001135
  60   3.30471814  -4.50918471   0.99998653
  60   3.30471814  -4.36779078   0.00003317
  60   3.30471814  -3.25672891   0.00002095
  60   3.30471814  -2.99766179   0.00000052
  60   3.30471814  -2.77432713   0.99995863
  60   3.30471814  -0.79264849   0.99996984
  60   3.30471814   1.06785804   0.00000417
  60   3.30471814   2.23460512   0.99998373
  60   3.30471814   2.27519428   0.00000932
  60   3.30471814   3.07498173   0.00001230
  60   3.30471814   3.30980934   0.99998593
  60   3.30471814   3.64452244   0.99995935
  60   3.30471814   4.79231762   0.00000829
  60   3.30471814   5.27258811   0.00001059
  60   3.30471814   5.28654502   0.99997073
  60   3.30471814   7.14554381   0.76172787
  60   3.30471814   7.17712689   0.16502295
  61   3.36608393 -13.33446661   0.99999678
  61   3.36608393 -11.29342635   0.00000250
  61   3.36608393 -10.12538094   0.00000175
  61   3.36608393  -8.86006647   0.00000243
  61   3.36608393  -7.50475001   0.00000595
  61   3.36608393  -5.26252518   0.00000904
  61   3.36608393  -4.26510616   0.00002523
  61   3.36608393  -3.96193092   0.99998993
  61   3.36608393  -3.47778756   0.00001343
  61   3.36608393  -3.16024709   0.00000243
  61   3.36608393  -2.35510410   0.99995947
  61   3.36608393  -0.63277173   0.99998176
  61   3.36608393   0.91278913   0.00000209
  61   3.36608393   1.82830280   0.00000566
  61   3.36608393   2.16473594   0.99998528
  61   3.36608393   2.59510293   0.00000280
  61   3.36608393   3.10036298   0.99999148
  61   3.36608393   3.40055604   0.99995035
  61   3.36608393   4.40526607   0.00000929
  61   3.36608393   5.17730844   0.99997824
  61   3.36608393   5.57225002   0.00000670
  61   3.36608393   7.27991706   0.99986947
  61   3.36608393   7.60623177   0.00001214
  62   3.42744972 -13.49760466   0.99999839
  62   3.42744972 -11.11540972   0.00000234
  62   3.42744972  -9.95039932   0.00000165
  62   3.42744972  -9.05006894   0.00000235
  62   3.42744972  -7.73202910   0.00000451
  62   3.42744972  -5.10846522   0.00000864
  62   3.42744972  -4.15481000   0.00002494
  62   3.42744972  -3.63294152   0.00001448
  62   3.42744972  -3.39173313   0.99999237
  62   3.42744972  -3.30347837   0.00000026
  62   3.42744972  -1.93038305   0.99995589
  62   3.42744972  -0.49722872   0.99999481
  62   3.42744972   0.77459065   0.00000200
  62   3.42744972   1.42324372   0.00000377
  62   3.42744972   2.08058280   0.99998808
  62   3.42744972   2.13242382   0.00000250
  62   3.42744972   2.91662930   0.99999535
  62   3.42744972   3.18006852   0.99995458
  62   3.42744972   3.57149980   0.00000862
  62   3.42744972   4.89769056   0.99999201
  62   3.42744972   6.39957785   0.00000516
  62   3.42744972   7.47568786   0.99996269
  62   3.42744972   8.11155322   0.02344161
  63   3.48881550 -13.63658986   0.99999762
  63   3.48881550 -10.91291375   0.00000224
  63   3.48881550  -9.81540488   0.00000179
  63   3.48881550  -9.21089871   0.00000230
  63   3.48881550  -7.99907194   0.00002161
  63   3.48881550  -4.88727984   0.00000213
  63   3.48881550  -4.04244488   0.00002486
  63   3.48881550  -3.72453864   0.00002048
  63   3.48881550  -3.42821478   0.00000028
  63   3.48881550  -2.80039490   0.99999332
  63   3.48881550  -1.50857559   0.99995148
  63   3.48881550  -0.38524962   0.99999213
  63   3.48881550   0.65509062   0.00000193
  63   3.48881550   1.06815605   0.00000300
  63   3.48881550   1.70287259   0.00000946
  63   3.48881550   1.98934586   0.99998993
  63   3.48881550   2.76118679   0.99999523
  63   3.48881550   2.78191961   0.00000136
  63   3.48881550   2.98221853   0.99995840
  63   3.48881550   4.44788024   0.99998909
  63   3.48881550   7.25337301   0.00000825
  63   3.48881550   7.73517134   0.99996281
  63   3.48881550   7.99948668   0.99972588
  64   3.55018129 -13.75098516   0.99999845
  64   3.55018129 -10.68688532   0.00000360
  64   3.55018129  -9.71694850   0.00000191
  64   3.55018129  -9.34243841   0.00000223
  64   3.55018129  -8.29651702   0.00000293
  64   3.55018129  -4.61221955   0.00000158
  64   3.55018129  -3.93581531   0.00002899
  64   3.55018129  -3.76446461   0.00002694
  64   3.55018129  -3.53101301   0.00000027
  64   3.55018129  -2.19071203   0.99998921
  64   3.55018129  -1.10262263   0.99994326
  64   3.55018129  -0.29520525   0.99997914
  64   3.55018129   0.55577236   0.00000186
  64   3.55018129   0.77225771   0.00000481
  64   3.55018129   1.31532019   0.00000335
  64   3.55018129   1.88925885   0.99998558
  64   3.55018129   2.05179847   0.00000142
  64   3.55018129   2.63370665   0.99999011
  64   3.55018129   2.80603935   0.99995750
  64   3.55018129   3.89257496   0.99997276
  64   3.55018129   7.54219740   0.99998921
  64   3.55018129   8.05477427   0.99998510
  64   3.55018129   8.11211164   0.00002012
  64   3.55018129   8.11230236   0.00037250
  65   3.61154707 -13.84036787   0.99999809
  65   3.61154707 -10.43836772   0.00000192
  65   3.61154707  -9.64970882   0.00000278
  65   3.61154707  -9.44498514   0.00000272
  65   3.61154707  -8.61212347   0.00000070
  65   3.61154707  -4.30950648   0.00000026
  65   3.61154707  -3.84262002   0.00000858
  65   3.61154707  -3.76659770   0.00001045
  65   3.61154707  -3.61181460   0.00000038
  65   3.61154707  -1.57267585   0.99998707
  65   3.61154707  -0.73304674   0.99992412
  65   3.61154707  -0.22793992   0.99997711
  65   3.61154707   0.47756662   0.00000112
  65   3.61154707   0.54615808   0.00000282
  65   3.61154707   0.97907389   0.00000263
  65   3.61154707   1.40287489   0.00000131
  65   3.61154707   1.76599991   0.99998534
  65   3.61154707   2.53483818   0.99998856
  65   3.61154707   2.65248907   0.99996448
  65   3.61154707   3.31497147   0.99997467
  65   3.61154707   7.13666775   0.99999464
  65   3.61154707   8.42342880   0.99976420
  65   3.61154707   8.92659080   0.99253631
  65   3.61154707   8.94725203   0.00066832
  66   3.67291286 -13.90441267   0.99999738
  66   3.67291286 -10.16896014   0.00000195
  66   3.67291286  -9.60710288   0.00000275
  66   3.67291286  -9.51804041   0.00000268
  66   3.67291286  -8.93652628   0.00000083
  66   3.67291286  -4.01909095   0.00000020
  66   3.67291286  -3.77218629   0.00000859
  66   3.67291286  -3.74870805   0.00000974
  66   3.67291286  -3.66996778   0.00000038
  66   3.67291286  -0.96454290   0.99998611
  66   3.67291286  -0.42735769   0.99991512
  66   3.67291286  -0.18156866   0.99997509
  66   3.67291286   0.40003213   0.00000238
  66   3.67291286   0.42130067   0.00000113
  66   3.67291286   0.70330333   0.00000263
  66   3.67291286   0.87029709   0.00000130
  66   3.67291286   1.57764172   0.99998462
  66   3.67291286   2.46381023   0.99998987
  66   3.67291286   2.52601176   0.99997544
  66   3.67291286   2.81471114   0.99997604
  66   3.67291286   6.81478600   0.99999821
  66   3.67291286   8.82287389   0.99995512
  66   3.67291286   9.15495659   0.99987382
  66   3.67291286   9.71296335   0.00009704
  67   3.73427865 -13.94291681   0.99999559
  67   3.73427865  -9.88074527   0.00000197
  67   3.73427865  -9.58390747   0.00000269
  67   3.73427865  -9.56190071   0.00000263
  67   3.73427865  -9.26004285   0.00000098
  67   3.73427865  -3.80022993   0.00000023
  67   3.73427865  -3.72963291   0.00000873
  67   3.73427865  -3.72660952   0.00000930
  67   3.73427865  -3.70502743   0.00000038
  67   3.73427865  -0.41914983   0.99997181
  67   3.73427865  -0.21994608   0.99990618
  67   3.73427865  -0.15446245   0.99995321
  67   3.73427865   0.34222224   0.00000203
  67   3.73427865   0.38736780   0.00000114
  67   3.73427865   0.49893604   0.00000266
  67   3.73427865   0.50720600   0.00000126
  67   3.73427865   1.28927079   0.99998784
  67   3.73427865   2.42110966   0.99998128
  67   3.73427865   2.43897970   0.99998301
  67   3.73427865   2.50254879   0.99997461
  67   3.73427865   6.60671259   0.99999988
  67   3.73427865   9.20079948   0.99997503
  67   3.73427865   9.32533726   0.99989474
  67   3.73427865  10.22476163   0.00206525
  68   3.79564443 -13.95574855   0.99999493
  68   3.79564443  -9.57661503   0.00000711
  68   3.79564443  -3.71679333   0.00001863
  68   3.79564443  -0.14561632   2.99981356
  68   3.79564443   0.37597124   0.00000620
  68   3.79564443   1.09159421   0.99999386
  68   3.79564443   2.40686912   2.99994612
  68   3.79564443   6.53453471   0.99999905
  68   3.79564443   9.38861706   1.99974573
  68   3.79564443  10.36622990   0.00842569
